10031080900	1	0
10031994215	1	0
10276391917	1	0
10313557537	1	0
10402071863	1	0
10826063736	1	0
10898255329	1	0
10932789204	1	0
11084174628	1	1
11151379535	1	1
11182712820	4	0
11222430092	1	1
11250977112	1	1
11360556282	1	1
11438101888	1	0
11501258141	2	0
11538098770	1	1
11581092199	1	0
11837016096	1	0
11942894685	1	1
11964076776	1	0
12123213706	1	0
12124710868	1	1
12216647286	5	0
12285869290	1	1
12287727103	1	0
12288387045	1	0
12288519240	1	0
12378821174	1	0
12414551220	1	0
12441071542	1	0
12442169938	1	0
12442329370	2	0
12477535006	1	0
12507236437	1	1
12540099788	1	0
12603156956	1	0
12630150453	1	1
12654431093	1	1
12662034072	1	1
12664068005	1	1
12666286386	1	1
12695585126	1	0
12695729092	1	0
12726186186	1	0
12726784340	1	0
12757294341	1	0
12757408265	1	0
12758184584	1	0
12788488086	1	0
12789225212	1	0
12790739984	1	1
12794183820	1	1
12852534234	1	0
12853256975	1	1
12924953614	3	1
12988688370	1	1
12993249791	1	0
13064253526	1	0
13098999976	1	1
13172370214	1	0
13204227708	1	0
13205228574	1	0
13347733575	1	1
13745664038	1	1
14451934569	1	1
14572844402	2	1
14573415538	1	1
3430152690624619	8	0
3430345267632918	10	0
3430383133707152	9	1
3431227216808899	7	0
3431231695494904	8	1
3431580661805230	6	0
3432988069095587	6	0
3433412746212220	5	0
3434123093914908	3	0
3434607531680999	7	1
3435379665282363	4	0
3435462423700876	12	0
3435944865073410	5	0
3436221394759868	7	0
3437038370353137	4	0
3437385528756866	7	0
3438126422716322	6	1
3438126712625357	2	0
3438378559523372	5	0
3438850393633316	9	1
3438851680668391	4	0
3439501617989602	6	0
3441898884198732	4	0
3443197621791689	3	0
3443562526241064	1	0
3444270725950234	3	0
3444649723405400	4	0
3445012077720918	11	0
3445012135801368	1	0
3446822750294525	7	0
3448272473065999	4	0
3448772157944114	5	0
3449723124357728	3	0
3450436449719481	4	0
3451032509723824	4	0
3451896397863435	4	0
3451896830701129	4	0
3453709093058161	5	0
3454256721550776	11	0
3456246314758621	4	1
3456842262740516	8	0
3457694545547586	4	0
3458398181964394	4	0
3458611764623621	3	0
3459500143198767	4	0
3461318323189724	7	0
3461662084591146	1	0
3461998882473751	4	0
3463065243217426	6	0
3463366842612838	8	0
3463847677679141	5	1
3464440706287072	8	0
3464943167241703	6	1
3465275926531305	4	0
3466392541755336	4	0
3466392886449857	2	0
3466393016510094	4	0
3466393099626132	6	0
3466559253185680	3	0
3466755555287130	5	0
3467116651017002	3	0
3467477021043106	1	0
3467620471081810	6	0
3467820220106487	5	0
3468203235510418	5	0
3468204649472402	4	0
3469652535729793	4	0
3469654431140098	5	0
3470014621826783	7	0
3470379446370355	5	0
3471103924123845	3	0
3471447018505175	7	0
3471463854399715	5	0
3471807346984830	6	0
3471820328261648	6	0
3472189711824480	9	1
3473618312472201	7	0
3473987764367627	5	0
3474295018100641	2	0
3474726662318343	4	0
3475812663319170	4	0
3476176397792474	3	0
3477264421699168	4	0
3477623935884031	6	0
3477989117589821	4	0
3478713406418470	3	0
3479604658932357	8	0
3480160911370792	5	0
3480524767435929	4	0
3480528210276525	4	0
3480826623197529	3	0
3482907555552365	3	0
3483033246135049	9	0
3483251991815500	4	0
3483327027791525	5	0
3483934161391991	6	0
3484491677245790	5	1
3486274633376676	11	0
3486688405703165	5	0
3486908975574158	5	0
3487165072180570	5	0
3488131343069735	2	0
3488136284266282	2	0
3488491822842461	4	0
3488643824348820	6	0
3488795100412304	4	0
3488846258262847	3	0
3489762868350456	7	0
3489846120931927	7	1
3491387909846822	5	0
3491392452054564	5	0
3491392947295217	1	0
3491758837369120	5	0
3492120985737840	6	0
3492483105635164	2	0
3493209369705753	4	0
3493571552813069	3	0
3493572253028860	9	0
3494274467714165	9	0
3495366957480235	9	0
3495745049431350	1	1
3495965648820880	4	0
3496411741555677	2	0
3497885721431130	4	0
3498283227865304	6	0
3498817838136682	7	0
3499370114821597	5	0
3499370391367613	4	0
3500808966857156	5	0
3501181219249446	5	0
3501902090262385	11	0
3502560654807856	4	0
3504081404663103	2	0
3504442924082177	9	0
3505168220090831	4	0
3505168446637010	1	0
3505889074147625	10	0
3506620472685845	4	0
3507704809629389	3	0
3507881092054394	3	0
3508426460182136	3	0
3509152141445666	4	0
3509508498195418	15	0
3510203054091335	3	0
3511691369566852	3	0
3511691541331050	3	0
3512051848589820	6	0
3512553508509210	4	0
3512580532102919	3	0
3512912226090475	7	0
3512931536474903	8	0
3513415538078719	4	0
3513470567836847	5	0
3513862995205247	9	0
3513862995205475	3	0
3513865146520654	6	0
3514227895561500	4	0
3514228076081484	4	0
3514513053468659	3	0
3514951601817568	4	0
3514952302549626	3	0
3514952948621219	3	0
3515314811949585	2	0
3516763150499458	4	0
3517126788266160	5	0
3517127263003572	1	0
3517127279707854	5	0
3518093202527963	3	0
3518572129572801	4	0
3518899230287127	5	1
3519294278985282	2	0
3519295285474674	3	0
3520388677944154	2	0
3520388745059583	5	0
3520647763866891	1	0
3520689485118838	4	0
3521475090385824	5	0
3521475115554592	2	0
3521768570599275	3	1
3521769870254421	5	0
3521801747516950	8	1
3521811331081311	11	0
3522200353278168	7	0
3522923463392487	3	0
3522924717364482	2	0
3524005681870859	8	0
3524364710316855	2	1
3525097014637449	6	0
3525098818126560	8	0
3525824579642062	7	0
3528353220590227	6	0
3528985663560555	5	0
3529446583363723	5	0
3530534610992844	7	0
3530782356144891	4	0
3531259877515654	4	0
3531260229612051	3	0
3531260389010566	10	0
3531579949138011	3	0
3532346789604306	4	0
3532346885827123	3	0
3532592022444576	6	0
3533794960801309	15	0
3533796081398006	3	1
3535417732775353	3	0
3535443205803747	4	0
3537783412546909	4	0
3538032865068550	4	0
3539582136032517	6	0
3542122865066218	6	0
3543916475030592	8	0
3544268264056795	7	0
3549364918002421	4	0
3549696167557624	5	1
3550827044540327	3	0
3554450658560202	7	0
3555177703333002	1	0
3555177980518814	4	0
3557143678916521	6	0
3558790240650787	6	0
3558797106575895	4	0
3561338208758770	4	0
3561338599266458	3	0
3562787412287907	10	0
3562788012496912	3	0
3562788121471307	4	0
3564237047809215	5	0
3564599817357079	5	0
3564962301422888	11	0
3565323066309899	4	0
3566047686974981	5	0
3566049632681885	3	0
3566049809062087	7	0
3570390821048068	3	0
3571837559080589	3	0
3572934931027576	4	0
3573296614607302	3	0
3574381252628542	9	0
3577646027991009	4	0
3579440602398214	5	1
3579816873537336	4	0
3579820426640084	3	0
3581630880998635	3	0
3583806319474469	3	0
3584311347250126	3	0
3585255220926518	4	0
3585980587979782	7	0
3586704714104990	4	0
3587429853952237	4	0
3590847268112772	6	0
3591779159185268	4	0
3592866397513102	3	0
3593383098486552	3	0
3594925134540355	5	1
3596127519169064	4	0
3596852550784401	10	0
3597547379608131	4	0
3599257195888679	11	0
3600109428774504	9	0
3600475796754463	1	0
3600826004453829	3	0
3602416178378380	5	0
3603012620351767	2	0
3605186507770638	2	0
3605544222572136	8	0
3609897771990792	3	0
3609897889183181	2	0
3611341355232142	5	0
3612775555079225	12	0
3613146499346398	7	1
3613517116461807	8	0
3614971407561380	3	0
3615667368899920	3	0
3616058735120675	7	0
3617117661843783	15	0
3617138864185835	7	0
3617335363866285	33	0
3618044108249494	18	0
3618955484806258	3	0
3618957280025178	2	0
3620043864481254	6	0
3620044515066642	2	0
3620770247319228	5	0
3621131728410085	3	0
3621856731174222	2	0
3622479249177168	4	0
3622725757288236	6	0
3625421893586936	2	0
3626047238603102	14	0
3626929515089045	4	1
3627214547683809	6	0
3627243777601596	1	0
3628378094021716	3	0
3628739004989294	12	0
3630054153657481	4	0
3630376125241727	3	0
3633091145024434	9	0
3633091350588161	1	0
3633929754208460	4	0
3634064315604696	3	0
3635627893359610	5	0
3638163824071052	4	0
3639194192408193	6	0
3641063451862718	6	0
3641425834902853	5	0
3641787962778801	11	0
3643599608167216	4	0
3643600728587522	3	0
3645317846806100	7	0
3646861967361026	16	0
3647224606716187	3	0
3647566757936009	3	0
3647932404093662	3	0
3648490913471131	6	0
3649036508290053	5	0
3649947590743150	5	0
3650475917913991	9	1
3650847176832024	5	0
3650847810504828	7	0
3651541921514221	7	0
3651557289355820	7	0
3651935573504942	1	0
3652288608577660	2	0
3652290618003288	2	0
3652600546783478	2	0
3653014910886649	4	0
3653015724387919	8	0
3653016244814594	4	0
3654109360102680	4	0
3654241056553871	10	0
3654811868025904	8	0
3655373548121897	2	0
3659540899367035	5	0
3659804528369695	6	0
3660623290187048	1	0
3660991885453853	5	0
3661720016591503	2	0
3664618097051795	5	0
3664981159304255	4	0
3665650188943333	7	1
3665654191190871	7	0
3666066452659216	4	0
3666780188565758	5	0
3667155633906132	3	0
3667475285315591	7	1
3667476892498671	4	0
3668578479790102	7	0
3670047614500873	2	0
3670758427843473	2	0
3671427251474095	5	1
3671462768386073	9	0
3672930778793583	5	0
3674403428496252	3	0
3675071002028008	3	0
3676113144205719	4	0
3676571074212221	5	0
3676820240835145	6	0
3677301704980825	7	0
3679107567552669	6	0
3679823413017243	4	0
3680560520118168	2	0
3681650875927989	5	0
3682186840210272	3	0
3682279044660439	4	0
3682714610176692	8	0
3683825689301521	2	0
3685971771544423	7	0
3686350622250825	8	0
3687752183502808	9	0
3689580013940285	6	0
3689966221862824	8	0
3692884458714770	3	0
3693247878297640	6	0
3694204825800094	2	0
3694256034122979	3	0
3833679488694180	3	0
3833679601951025	5	0
3833680848014537	2	0
3833683293048565	3	0
3833685462184476	3	0
3833688397516282	2	0
3833690621126676	2	0
3833692307301730	5	0
3833693023516585	6	0
3833695947811832	5	0
3833696320258210	2	0
3833699889630785	4	0
3833700305084666	3	0
3833701374524610	8	0
3833701487961738	7	0
3833703510236010	3	0
3833703710659368	2	0
3833706152082417	3	0
3833706248557710	5	0
3833707313554886	3	0
3833707338722319	3	0
3833708971216979	2	0
3833709675105254	4	0
3833710266692822	2	0
3833710589673848	3	0
3833711134552959	4	0
3833711524647871	3	0
3833713668823918	7	0
3833717329786875	3	0
3833718597102685	3	0
3833718605506366	6	0
3833719666576579	5	0
3833722241337540	2	0
3833723147246360	2	0
3833723981700860	3	0
3833726066924539	8	0
3833726146088194	2	0
3833727228281475	4	0
3833733520356639	5	0
3833734438530704	2	0
3833735008649797	5	0
3833738263366742	4	0
3833738297352193	3	0
3833738527624445	5	0
3833738763031692	2	0
3833738909944113	4	0
3833743888332341	3	0
3833744697575395	3	0
3833745285107834	2	0
3834046154874571	7	0
3834047337784417	9	0
3834048730168857	6	0
3834050785768372	4	0
3834052077719635	2	0
3834053406563385	3	0
3834055235632755	4	0
3834056263325522	2	0
3834058335221932	3	0
3834059031105369	6	0
3834059874228416	2	0
3834061853829180	9	0
3834064639573519	1	0
3834065847644586	5	0
3834065885204804	4	0
3834065889631029	2	0
3834067029700331	4	0
3834068686566621	4	0
3834070179969588	4	0
3834071521967630	3	0
3834071610053302	5	0
3834073434922787	8	0
3834075334862639	8	0
3834076005681910	3	0
3834076463493168	2	0
3834076907508891	3	0
3834078090368078	4	0
3834082523738620	4	0
3834082573712969	3	0
3834082842524860	2	0
3834084155062567	3	0
3834086718022328	3	0
3834088534543712	4	0
3834089502857690	2	0
3834089641684367	3	0
3834091336208353	4	0
3834093604864970	3	0
3834096234590079	3	0
3834098755523520	5	0
3834099108439951	6	0
3834099464456175	6	0
3834100806402441	3	0
3834103634185364	5	0
3834103717469608	3	0
3834103755551953	8	0
3834413324425729	2	0
3834413370567929	3	0
3834415450552660	4	0
3834419276513058	4	0
3834420723071545	2	0
3834422380166544	4	0
3834422882749708	10	0
3834423847817456	2	0
3834424556706239	5	0
3834428281446391	2	0
3834429829470373	2	0
3834430449283990	3	0
3834430672453814	4	0
3906982031327232	3	0
3907194892717485	4	0
3907203569826732	2	0
3907224793814170	3	0
3907508567659275	2	0
3907531728466948	4	0
3907537466108880	2	0
3907538766250347	1	0
3907540024356031	2	0
3907540024357585	3	0
3907540024809662	5	0
3907540276774628	2	0
3907547033891682	4	0
3907550132596436	2	0
3907550212336870	1	0
3907553538489864	4	0
3907555955198046	2	0
3907557770495553	4	0
3907565466969088	3	0
3907570026725605	3	0
3907570299130663	3	0
3907577815710666	2	0
3907580407356244	4	0
3907582026137993	6	0
3907582311708949	8	0
3907589261614171	6	0
3907592894108335	3	0
3907594642686473	4	0
3907595448135521	4	0
3907598031913682	4	0
3907604092296009	2	0
3907608131558678	6	0
3907611499577582	2	0
3907613760663013	1	0
3907615777739709	2	0
3907623063528022	3	0
3907623197639623	4	0
3907623319928759	2	0
3907623575182414	3	0
3907628142779391	11	0
3907631376867859	4	0
3907634899514864	3	0
3907641442696810	2	0
3907647017012293	1	0
3907649496593591	4	0
3907653018963554	2	0
3907653488846171	72	0
3907653736421081	4	0
3907656039178064	4	0
3907671193363035	1	0
3907671725842510	3	0
3907672002352486	2	0
3907674279984844	1	0
3907679006774167	4	0
3907680089743498	2	0
3907685604630823	2	0
3907687245242179	2	0
3907688511372828	1	0
3907688532097743	3	0
3907691015522504	3	0
3907694844559315	1	0
3907695205291239	2	0
3907699051890985	2	0
3907699228179809	3	0
3907699810759854	2	0
3907703723892433	2	0
3907706370567637	2	0
3907708736274063	2	0
3907713673703434	1	0
3907717284696913	3	0
3907721218947505	3	0
3907721235985362	2	0
3907722464154884	5	0
3907722564646739	6	0
3907728609619928	4	0
3907728789405790	3	0
3907730051761362	1	0
3907737496925917	4	0
3907740113876460	3	0
3907742282069764	3	0
3907742840324598	6	0
3907743993461175	3	0
3907746418087188	1	0
3907746807932370	3	0
3907747743450097	4	0
3907750159077892	2	0
3907751157249535	2	0
3907751341977221	8	0
3907755192555153	6	0
3907758967284946	1	0
3907760591057806	2	0
3907762239077870	2	0
3907764923473435	3	0
3907765296170120	4	0
3907766571977196	2	0
3907767775383794	2	0
3907768819451810	7	0
3907768890833467	2	0
3907769314679625	3	0
3907774066711408	2	0
3907774184027853	2	0
3907774192606614	2	0
3907774641622329	5	0
3907782526562940	1	0
3907785111049708	4	0
3907785916325731	12	0
3907789195892186	2	0
3907791355391603	5	0
3907796133404325	1	0
3907802441146693	3	0
3907806828899710	1	0
3907888067892917	3	0
3907896619883075	6	0
3907897392438395	3	0
3907897852964990	8	0
3907902412202207	3	0
3907902412202970	2	0
3907902466794715	2	0
3907906255129247	1	0
3907907948891931	2	0
3907909890768546	4	0
3907910016451969	1	0
3907913800547803	1	0
3907917306939821	6	0
3907917482478864	2	0
3907921282408061	2	0
3907921651761528	5	0
3907932616310839	3	0
3907934935034825	14	0
3907937585762622	2	0
3907943214755343	3	0
3907945848711531	4	0
3907946113284024	4	0
3907952283331336	1	0
3907952744129933	2	0
3907953041855871	9	0
3907953515992610	13	0
3907955281585302	4	0
3907961225101568	9	0
3907961606476629	4	0
3907962810350115	3	0
3907967361121363	3	0
3907971660357128	2	0
3907977909816349	3	0
3907989297245847	1	0
3908001280656335	3	0
3908002862578993	1	0
3908003948627771	2	0
3908011628604361	2	0
3908018447999195	4	0
3908021320925937	8	0
3908024614201752	9	0
3908027142397376	6	0
3908029043232414	8	0
3908030758897110	2	0
3908030774928775	2	0
3908039129894971	4	0
3908039566305772	3	0
3908040866329285	2	0
3908040946269177	4	0
3908042153958170	1	0
3908048626638735	3	0
3908050399835604	2	0
3908050894849354	2	0
3908051012383200	1	0
3908051088071035	2	0
3908056192462419	7	0
3908060243821533	2	0
3908060999159074	5	0
3908061078615042	2	0
3908062907536695	3	0
3908072726140703	2	0
3908072789110983	2	0
3908081119222350	1	0
3908081341248071	3	0
3908081874081881	2	0
3908084814413047	3	0
3908086123292512	3	0
3908087397943079	1	0
3908089419470722	7	0
3908091424669275	3	0
3908094138150738	12	0
3908097447463577	2	0
3908098953346160	1	0
3908098957544079	3	0
3908099200789227	3	0
3908099766874643	2	0
3908101344007422	4	0
3908106251433279	2	0
3908106260316013	4	0
3908110034868119	2	0
3908111599318022	3	0
3908113054414712	4	0
3908113805172110	5	0
3908113817770050	2	0
3908118805284794	4	0
3908120331582121	2	0
3908128905267093	1	0
3908128908796858	2	0
3908132142596491	3	0
3908134164643998	3	0
3908136500585186	4	0
3908139420025021	4	0
3908141160849288	5	0
3908144004351463	4	0
3908249700568709	3	0
3908253203172210	3	0
3908254742794242	2	0
3908254805435516	4	0
3908263542406744	4	0
3908264951249902	2	0
3908268072232551	1	0
3908269078419688	3	0
3908269347083750	8	0
3908269586698233	2	0
3908269858475892	1	0
3908272425828546	1	0
3908278138535984	2	0
3908279900019613	3	0
3908280030209700	5	0
3908280281818604	2	0
3908281934744285	4	0
3908292604312971	2	0
3908293502463239	6	0
3908298040255808	4	0
3908299185804500	5	0
3908300086737753	4	0
3908305132682766	3	0
3908310350540776	4	0
3908316243630681	3	0
3908317959353938	6	0
3908317988191874	2	0
3908319871550174	2	0
3908322366997363	2	0
3908323436659393	2	0
3908325869875159	6	0
3908326259590384	2	0
3908333792469229	4	0
3908334291494175	4	0
3908335327865155	2	0
3908337785696015	2	0
3908338607253611	2	0
3908339039440845	2	0
3908340474478952	4	0
3908344123488069	2	0
3908347894189257	2	0
3908351832661025	2	0
3908353006410192	3	0
3908354138950892	2	0
3908355397127364	4	0
3908355397487017	2	0
3908355548584903	6	0
3908356529489031	3	0
3908366038306976	7	0
3908371759361770	13	0
3908372732455478	4	0
3908374321781246	2	0
3908378046285512	3	0
3908380814594166	2	0
3908381703698176	4	0
3908383054840328	3	0
3908387768675683	1	0
3908388112599519	1	0
3908395616354231	3	0
3908401832539292	2	0
3908404218902202	3	0
3908404592205388	2	0
3908405729329683	2	0
3908408509502105	10	0
3908408593920734	1	0
3908412293266607	2	0
3908412343490462	7	0
3908415799309204	3	0
3908416143296089	7	0
3908420845008017	1	0
3908421134767409	7	0
3908423369932344	1	0
3908424620376483	2	0
3908428386946194	1	0
3908430169017660	1	0
3908432354652649	2	0
3908434413720365	2	0
3908436934363177	13	0
3908438461787844	2	0
3908446347097770	7	0
3908449815394494	1	0
3908453552817533	1	0
3908454429656628	16	0
3908456065392538	1	0
3908457117672776	3	0
3908459248094473	1	0
3908461115087448	1	0
3908461383850166	7	0
3908461848454709	2	0
3908462377925392	5	0
3908462705102897	4	0
3908463145139734	5	0
3908463610306944	2	0
3908469410814100	2	0
3908469419209714	3	0
3908471185956650	1	0
3908475694788423	1	0
3908476697237632	3	0
3908476944110054	2	0
3908478911875695	2	0
3908480404125295	3	0
3908481394157050	2	0
3908482870809747	4	0
3908483667742847	7	0
3908483781114283	4	0
3908486418851447	3	0
3908488222513102	2	0
3908491292840863	1	0
3908494564297118	4	0
3908495138656162	6	0
3908497902721124	6	0
3908498616125052	2	0
3908499598167408	6	0
3908502127326258	2	0
3908506392906975	3	0
3908507147396098	3	0
3908511328776502	1	0
3908526533913551	1	0
3908529045700661	6	0
3908979572657970	4	0
3908984555495636	1	0
3908990088389334	1	0
3908994668059980	6	0
3908997138855945	2	0
3908997159589548	1	0
3908999684872232	1	0
3908999831051027	2	0
3909006936760923	3	0
3909007201225021	1	0
3909011709547389	3	0
3909014431406121	6	0
3909015547649307	8	0
3909017346796390	3	0
3909020202624381	8	0
3909025584389953	2	0
3909026427376418	8	0
3909026523657111	2	0
3909038125812587	2	0
3909038196904952	3	0
3909041267403543	2	0
3909047205740135	3	0
3909049961588933	2	0
3909052490387957	5	0
3909052499516071	1	0
3909055560618535	4	0
3909063035561360	2	0
3909063647815041	10	0
3909065074011488	1	0
3909070136149174	2	0
3909080173221721	6	0
3909080579633565	4	0
3909081075061253	14	0
3909082626594218	2	0
3909084371985775	3	0
3909085361138804	5	0
3909095637417645	16	0
3909103313731301	4	0
3909106341762751	2	0
3909107402936056	9	0
3909110371848688	3	0
3909110384444633	2	0
3909111819467267	2	0
3909125484148394	2	0
3909140814460162	2	0
3909142437372013	4	0
3909146518716717	3	0
3909148138203601	2	0
3909148883989173	2	0
3909155720971721	9	0
3909168257721795	2	0
3909170078496180	7	0
3909178366223186	1	0
3909182740250233	3	0
3909185869479108	3	0
3909189568629793	4	0
3909189702979876	3	0
3909190147489524	5	0
3909197194085603	3	0
3909198050136987	2	0
3909198452157045	2	0
3909202160562495	3	0
3909203494678531	1	0
3909204530102875	4	0
3909204790455169	1	0
3909205159800467	9	0
3909207164200339	5	0
3909208518687499	2	0
3909208548754798	4	0
3909208624093761	2	0
3909213552519851	2	0
3909216068642643	3	0
3909216492756133	8	0
3909217351920720	6	0
3909218585679775	4	0
3909223551822426	6	0
3909224272603584	2	0
3909231033736573	1	0
3909234964507247	1	0
3909699252452843	3	0
3909708618442913	1	0
3909713169323084	3	0
3909714096640932	2	0
3909714402712833	6	0
3909717648307271	5	0
3909717778601599	2	0
3909721603968906	2	0
3909726146113427	2	0
3909729199955269	2	0
3909729702769305	9	0
3909730034100384	7	0
3909732299301362	2	0
3909734010979287	7	0
3909735742448643	7	0
3909736988446238	4	0
3909739769052360	3	0
3909744546303932	7	0
3909750615577169	2	0
3909753128435579	2	0
3909759650197600	3	0
3909764687413239	2	0
3909770333691623	2	0
3909774569961241	3	0
3909774750044433	2	0
3909774842571403	13	0
3909775655939637	5	0
3909777518218200	2	0
3909777945620186	2	0
3909780026055836	2	0
3909782308648998	1	0
3909787378912154	2	0
3909790662762722	8	0
3909790675356650	13	0
3909790905979609	3	0
3909792726326139	2	0
3909794949614282	4	0
3909795637519612	2	0
3909797411977585	1	0
3909797415541555	1	0
3909799626596749	3	0
3909799743414773	4	0
3909801790228896	4	0
3909805230216491	2	0
3909812502447585	2	0
3909820296205302	5	0
3909822313010295	1	0
3909823571287106	2	0
3909825895233534	1	0
3909830366459201	2	0
3909835047114840	2	0
3909835198769784	5	0
3909841636780257	3	0
3909842714076823	1	0
3909843087976010	6	0
3909844077215671	3	0
3909844941390089	13	0
3909848485820325	2	0
3909852746832450	4	0
3909854295239241	10	0
3909857327002530	2	0
3909857809710194	2	0
3909857881572096	1	0
3909860565341313	3	0
3909862830882566	2	0
3909863777877161	2	0
3909864088209357	2	0
3909864537523984	2	0
3909865346825390	3	0
3909865598489443	12	0
3909867863291932	2	0
3909868647669482	4	0
3909868744701447	3	0
3909870380587588	2	0
3909871994572164	2	0
3909874218191778	12	0
3909877653359066	2	0
3909879100345568	3	0
3909880446362189	3	0
3909880723688532	5	0
3909881029559271	3	0
3909881847002137	5	0
3909883932049297	7	0
3909887987798576	2	0
3909888327752252	6	0
3909895532902978	2	0
3909895545494702	3	0
3909900579076995	10	0
3909903204419195	3	0
3909908087206585	2	0
3909908175364654	2	0
3909910662251540	1	0
3909910884583369	4	0
3909910896927653	2	0
3909913170060367	2	0
3909915736821805	2	0
3909916433367433	1	0
3909916442346539	3	0
3909918744551479	2	0
3909918937289364	2	0
3909922477270860	2	0
3909924491238471	3	0
3909928370107111	7	0
3909932531359596	3	0
3909933143273116	4	0
3909937228758083	7	0
3909939586359810	1	0
3909940843913103	2	0
3909940878248378	2	0
3909941095596882	3	0
3909942052284977	2	0
3909942236762798	7	0
3909943612556989	2	0
3909945856987960	4	0
3909947920027002	2	0
3909948393903231	2	0
3909952911343880	2	0
3909953666619191	2	0
3909955944427717	3	0
3909956195606702	2	0
3909971102129220	2	0
3909978840125858	3	0
3909981118438430	1	0
3910304238716058	5	0
3910421008046187	5	0
3910424041257196	2	0
3910441652665078	1	0
3910451819682868	4	0
3910453556023050	6	0
3910465086571838	6	0
3910465295553392	2	0
3910466809821082	2	0
3910484425779514	5	0
3910486430690039	5	0
3910494551004498	8	0
3910506248756545	3	0
3910511579851244	8	0
3910514876429362	3	0
3910516650852132	1	0
3910518026381248	4	0
3910524796327109	7	0
3910529871425709	3	0
3910531486725508	4	0
3910534615480494	12	0
3910536557540227	13	0
3910537794642077	1	0
3910552407639880	3	0
3910552482961981	5	0
3910559923510229	6	0
3910560418271771	2	0
3910562717034747	2	0
3910570241321854	3	0
3910575023327728	2	0
3910576290087842	6	0
3910576361039608	5	0
3910578118126522	1	0
3910580157407626	3	0
3910584586160231	3	0
3910586360688522	3	0
3910587413670521	5	0
3910588863894459	1	0
3910596040708923	10	0
3910600247532549	2	0
3910600440293487	4	0
3910607822461777	1	0
3910608413988520	14	0
3910621848394596	7	0
3910627888275590	1	0
3910636314353753	5	0
3910642970827398	2	0
3910646439375569	3	0
3910650566582893	2	0
3910654777575299	1	0
3910659328491792	2	0
3910659785476680	2	0
3910664152360723	1	0
3910665619845049	2	0
3910665619910824	2	0
3910672729175567	4	0
3910673749019717	2	0
3910680157865795	4	0
3910687359344004	2	0
3910880943042012	2	0
3910884243551725	1	0
3910884549723440	3	0
3910886143583496	4	0
3910886576495534	2	0
3910891097441449	4	0
3910892125002183	2	0
3910895841221729	2	0
3910896751213030	5	0
3910897619553807	5	0
3910900324767378	3	0
3910901582853938	2	0
3910903437150670	4	0
3910904557063718	4	0
3910905915934383	3	0
3910908289598900	4	0
3910908390482322	7	0
3910908742787831	4	0
3910910819305524	3	0
3910910986741156	2	0
3910911435444067	3	0
3910914769984188	2	0
3910914879311368	4	0
3910918125246735	2	0
3910919157368349	1	0
3910920906150243	8	0
3910921006618067	3	0
3910922311507143	3	0
3910926790787908	1	0
3910927772435331	5	0
3910931047995213	4	0
3910936102182890	2	0
3910937398317542	4	0
3910938920749462	5	0
3910939105128505	2	0
3910941173183294	3	0
3911033276531097	3	0
3911165916902847	2	0
3911173408152182	2	0
3911175248742633	1	0
3911176159172486	4	0
3911177321266241	22	0
3911180017645937	1	0
3911180818758348	7	0
3911181422582506	4	0
3911185944153542	3	0
3911186875575556	3	0
3911186908956664	4	0
3911188850873165	2	0
3911189433765615	2	0
3911191509968031	3	0
3911192051281402	4	0
3911192512703574	4	0
3911194089597191	3	0
3911194471054346	2	0
3911196522092850	3	0
3911197684025876	4	0
3911199529709919	2	0
3911201639224592	2	0
3911201718984723	8	0
3911201756908274	3	0
3911202604254542	3	0
3911202792746534	39	0
3911204206708328	7	0
3911204638223309	10	0
3911209289717027	1	0
3911209453157696	3	0
3911209454097525	2	0
3911209545914954	2	0
3911210644650787	8	0
3911214507356818	3	0
3911215199678163	3	0
3911216752024215	2	0
3911216777010570	1	0
3911218051836407	1	0
3911218106034748	1	0
3911221994204571	2	0
3911222460228348	6	0
3911224292698235	4	0
3911224376663144	2	0
3911224553069203	2	0
3911224892416515	3	0
3911225610296519	5	0
3911225991263829	4	0
3911226192728751	5	0
3911228390544803	3	0
3911229229476449	3	0
3911231838565594	4	0
3911231863359056	3	0
3911232383604331	2	0
3911234250227574	2	0
3911235844008750	4	0
3911239283516774	2	0
3911239392456294	2	0
3911241896088688	4	0
3911241917296960	2	0
3911244266162965	3	0
3911244761235927	5	0
3911246166755503	8	0
3911246959025568	2	0
3911247550387245	7	0
3911249391378305	15	0
3911251576728998	4	0
3911254588255498	2	0
3911254596699190	2	0
3911255582312023	8	0
3911258665269454	3	0
3911258862284667	4	0
3911258988203932	9	0
3911259449951463	2	0
3911262041348669	1	0
3911262553317443	3	0
3911263078313366	7	0
3911266172846281	6	0
3911266751954837	2	0
3911268211538236	2	0
3911273060231055	9	0
3911273374755409	2	0
3911274242793202	2	0
3911282467832799	7	0
3911283063700609	6	0
3911284951466834	3	0
3911289300367214	8	0
3911293176451011	7	0
3911297899052680	3	0
3911298078971633	11	0
3911303305096585	8	0
3911303674830013	4	0
3911305851069784	2	0
3911310875862785	1	0
3911311454806026	2	0
3911311555759120	6	0
3911312172020466	5	0
3911315905134804	2	0
3911327594559028	2	0
3911328198941824	1	0
3911330073616748	2	0
3911330572378970	2	0
3911345646631001	5	0
3911348876126048	2	0
3911352080649401	2	0
3911352148231929	1	0
3911355297818668	2	0
3911357004950742	3	0
3911357235559177	4	0
3911360435486623	6	0
3911360448444981	2	0
3911363984553367	1	0
3911374197339617	4	0
3911378500959109	4	0
3911385152602752	3	0
3911388223408879	4	0
3911389037233730	16	0
3911390928184491	26	0
3911394192120326	2	0
3911395463123478	1	0
3911396515226493	6	0
3911397945222079	2	0
3911401729170364	3	0
3911420846502425	2	0
3911510931328670	11	0
3911518766982222	1	0
3911521266760471	2	0
3911523397204866	11	0
3911523774404065	3	0
3911524122402086	2	0
3911526076914513	4	0
3911526282514315	3	0
3911526290906659	8	0
3911526291081357	2	0
3911528233784300	2	0
3911528824756017	2	0
3911529256621654	3	0
3911529298581977	2	0
3911529810253457	2	0
3911532137863139	2	0
3911534092349696	2	0
3911534465563415	6	0
3911536584120389	5	0
3911536692970789	4	0
3911538412778681	1	0
3911539150864866	6	0
3911539469801102	6	0
3911541378235195	3	0
3911541390377243	3	0
3911541893806362	2	0
3911542460109677	5	0
3911542699091489	3	0
3911544410570412	2	0
3911545597411868	2	0
3911547674410351	1	0
3911548143248058	3	0
3911548663425648	2	0
3911549112347207	5	0
3911549158168040	3	0
3911550844354403	3	0
3911551134089136	2	0
3911552211828143	3	0
3911554048838228	3	0
3911554049059079	6	0
3911555520967095	5	0
3911556481868537	2	0
3911556486635901	5	0
3911556490266405	2	0
3911557513423193	2	0
3911557521818345	3	0
3911559107359353	6	0
3911561645625975	1	0
3911564161889662	3	0
3911564257715143	3	0
3911564694351713	2	0
3911568771228740	8	0
3911570138487704	4	0
3911571577123038	3	0
3911571606510099	3	0
3911573896476995	5	0
3911577159561058	3	0
3911581677264642	3	0
3911582465320677	10	0
3911582482110662	2	0
3911582914896347	2	0
3911586433709648	3	0
3911586676671004	3	0
3911587671285975	3	0
3911589268754896	3	0
3911589838942874	5	0
3911590640577644	3	0
3911591722641251	3	0
3911592477026745	1	0
3911592481567862	1	0
3911594256309586	2	0
3911594344210302	4	0
3911594419356644	3	0
3911595400408939	1	0
3911595459895392	5	0
3911598336670443	4	0
3911601784234729	2	0
3911602531352538	4	0
3911603093217846	4	0
3911603999732174	2	0
3911604305867794	3	0
3911604347157429	3	0
3911606918675206	4	0
3911607534953750	3	0
3911607576926672	2	0
3911608512142528	2	0
3911609343229243	2	0
3911610009235293	2	0
3911612740123984	2	0
3911613616327368	1	0
3911614371583791	1	0
3911616066160662	5	0
3911616783348076	3	0
3911616875258376	2	0
3911616905104264	2	0
3911617135668643	8	0
3911617139865476	2	0
3911617840302319	3	0
3911619496958388	8	0
3911623884202532	8	0
3911624588597252	3	0
3911625650101854	2	0
3911627206613718	3	0
3911629462430029	3	0
3911630729142334	1	0
3911631992103631	3	0
3911632331412614	2	0
3911632994058864	2	0
3911633284223848	2	0
3911635343295679	13	0
3911635452615127	5	0
3911635536556073	4	0
3911637297378271	4	0
3911639524874884	2	0
3911643370674822	2	0
3911643618304355	1	0
3911644570266337	2	0
3911645510023024	7	0
3911647074458524	4	0
3911647087049326	3	0
3911647087746267	4	0
3911649603393054	3	0
3911650295818152	5	0
3911651184667527	6	0
3911654733447091	2	0
3911654749855887	4	0
3911659771065069	2	0
3911662279028400	5	0
3911664086988614	5	0
3911673553336386	2	0
3911675562364261	9	0
3911682374411023	4	0
3911684957324606	1	0
3911688812086927	3	0
3911692386004358	1	0
3911692888965327	2	0
3911693182521474	3	0
3911694902222695	4	0
3911697477293768	3	0
3911697934930630	2	0
3911698677075581	2	0
3911699684260756	4	0
3911700048563578	4	0
3911703761085087	2	0
3911707484939130	2	0
3911707514334936	1	0
3911708072142750	8	0
3911712522642187	3	0
3911714011210796	8	0
3911715148001156	7	0
3911716956112734	4	0
3911718809847756	2	0
3911720814465794	7	0
3911720890071487	4	0
3911722584676126	4	0
3911722676802963	1	0
3911723117351575	2	0
3911723440632213	3	0
3911724279135860	3	0
3911724497530251	1	0
3911725210354394	2	0
3911731925788818	5	0
3911732739033269	4	0
3911733062474272	2	0
3911737298388307	5	0
3911737683786524	5	0
3911737693009450	2	0
3911738946486712	1	0
3911739319753151	2	0
3911742717105997	1	0
3911745233766197	3	0
3911745246966630	2	0
3911745300647318	1	0
3911748254066476	1	0
3911750267034914	3	0
3911752532497714	4	0
3911752783672596	1	0
3911752834182756	2	0
3911753593236079	3	0
3911754705095405	4	0
3911754842793966	9	0
3911756194168013	2	0
3911756390798917	6	0
3911762514019647	5	0
3911767882914875	3	0
3911776216949952	9	0
3911783233890520	4	0
3911798334088688	2	0
3911801882009382	3	0
3911842122946442	1	0
3911873579462837	2	0
3911875106395549	5	0
3911881124988764	2	0
3911888670402348	2	0
3911888930595914	8	0
3911892198512294	2	0
3911892692991357	4	0
3911896228448019	2	0
3911901383921173	1	0
3911902709168817	1	0
3911903527435208	3	0
3911903774301077	2	0
3911903778328356	3	0
3911903778977275	6	0
3911903778977780	2	0
3911903778979713	7	0
3911903841990976	1	0
3911904030111048	4	0
3911904814567164	3	0
3911908056830335	2	0
3911910070304468	1	0
3911910304887826	4	0
3911910518936898	2	0
3911911441540679	3	0
3911911597011200	4	0
3911913853345505	2	0
3911916014001627	1	0
3911916613437351	4	0
3911917397374121	9	0
3911917867185294	7	0
3911918865361801	2	0
3911919838691240	2	0
3911920471958570	2	0
3911920891552859	3	0
3911921138929315	2	0
3911922308909714	2	0
3911923512610736	2	0
3911926201195748	2	0
3911926432602330	1	0
3911926532340747	3	0
3911926671063846	3	0
3911929242181525	4	0
3911930202309257	3	0
3911931461191972	2	0
3911931775952184	4	0
3911932350059434	3	0
3911933725993561	3	0
3911933969029185	2	0
3911933977732918	2	0
3911934229372688	3	0
3911934732633276	3	0
3911935990587118	1	0
3911937768923407	5	0
3911939585056391	5	0
3911940449186683	2	0
3911941145413779	7	0
3911943272323228	10	0
3911946753425198	10	0
3911946795619982	1	0
3911948322532175	2	0
3911949076857549	2	0
3911949076931880	2	0
3911949131438164	12	0
3911949580396959	1	0
3911950000362330	2	0
3911950112822479	3	0
3911953741019971	3	0
3911955373137470	2	0
3911955481382540	3	0
3911956400758382	2	0
3911958783167017	2	0
3911959143048316	3	0
3911959151738937	2	0
3911960057540897	3	0
3911962918034448	2	0
3911964176194578	4	0
3911964176542993	2	0
3911964176727209	5	0
3911965183638814	2	0
3911965434762646	2	0
3911966735360284	2	0
3911967699996436	3	0
3911967951031384	2	0
3911968056683495	3	0
3911968315966240	1	0
3911969280851366	3	0
3911971726051113	1	0
3911972032210610	1	0
3911972984460866	2	0
3911973298992642	2	0
3911977514044357	5	0
3911979271739890	2	0
3911979275786458	2	0
3911979275936863	2	0
3911981435989031	3	0
3911983054826183	1	0
3911986544430220	1	0
3911986934901343	2	0
3911989498088531	7	0
3911989530880437	4	0
3911991649066363	5	0
3911993133905088	4	0
3911995747172194	4	0
3911996485455495	4	0
3911997005259230	3	0
3911998083370823	3	0
3912001924992774	2	0
3912001958793756	2	0
3912002701587764	2	0
3912003082833585	4	0
3912008229848552	2	0
3912009218997055	1	0
3912009475403378	2	0
3912009479601800	1	0
3912009505024759	1	0
3912010481570268	2	0
3912011026938721	1	0
3912011039190816	4	0
3912011794114566	4	0
3912016127243859	2	0
3912017024527181	2	0
3912019000185737	4	0
3912019549883936	2	0
3912019793610390	3	0
3912024566091491	3	0
3912024620676243	15	0
3912026449323002	3	0
3912026696948012	5	0
3912027158629413	6	0
3912028354136816	1	0
3912030362314631	1	0
3912038885292638	3	0
3912039670038712	2	0
3912040210503534	3	0
3912043193071834	3	0
3912044716138469	1	0
3912046976318672	3	0
3912051045156180	2	0
3912053221355983	4	0
3912054522411129	2	0
3912054773485313	2	0
3912055024999422	2	0
3912057407443040	4	0
3912057776532736	5	0
3912064840239520	3	0
3912065942833945	5	0
3912067624581868	4	0
3912072112569585	2	0
3912072502656876	16	0
3912075698616873	2	0
3912077448199590	1	0
3912078199095160	4	0
3912080945752873	3	0
3912083210656725	1	0
3912083747645696	2	0
3912084972694337	4	0
3912092522320448	8	0
3912096158823598	2	0
3912097115663907	5	0
3912098189003145	3	0
3912099086033758	6	0
3912100827019931	9	0
3912100872859047	5	0
3912101469242380	7	0
3912102655626792	3	0
3912104429621268	2	0
3912105105056296	2	0
3912107630395265	1	0
3912110168082672	2	0
3912111397202316	2	0
3912113363525954	7	0
3912114240983438	2	0
3912115171801095	4	0
3912115921917906	2	0
3912116681460638	3	0
3912118691032228	2	0
3912120204429529	2	0
3912120246769854	1	0
3912120913162830	2	0
3912120960000007	1	0
3912121593467293	1	0
3912122721066568	2	0
3912125246624884	2	0
3912126106199714	4	0
3912126810655436	5	0
3912127565307478	5	0
3912130270664370	2	0
3912130270960109	3	0
3912130354629165	1	0
3912130523147438	3	0
3912130770571858	2	0
3912142782383262	2	0
3912144623968311	1	0
3912145433225970	2	0
3912145639393798	3	0
3912147014307737	1	0
3912155558068366	3	0
3912236004829011	1	0
3912243625985938	1	0
3912253696822072	2	0
3912254044853349	10	0
3912254711562685	2	0
3912259221015700	2	0
3912262051432829	3	0
3912269563762149	4	0
3912272294507972	3	0
3912274626160433	6	0
3912278644353383	4	0
3912280993286136	3	0
3912285293001799	6	0
3912290195238136	1	0
3912290350928853	7	0
3912297066216170	2	0
3912303113679263	6	0
3912304032640978	3	0
3912309061614093	5	0
3912311506761655	1	0
3912312723077595	3	0
3912312794504188	3	0
3912315797607902	4	0
3912318955561694	13	0
3912319559543323	1	0
3912320444704890	1	0
3912321703188582	2	0
3912322675976706	2	0
3912325309974979	2	0
3912326569143805	1	0
3912333111673846	3	0
3912334118731486	1	0
3912338589317284	3	0
3912341710604013	1	0
3912342033185867	14	0
3912349272611471	4	0
3912364582109071	2	0
3912368843305708	3	0
3912372870119616	4	0
3912373130099919	11	0
3912375394190067	4	0
3912386710343932	2	0
3912386962372289	5	0
3912388375508398	3	0
3912388484895313	2	0
3912388824325156	4	0
3912392910409146	5	0
3912402603271607	6	0
3912409712644378	2	0
3912414557305085	1	0
3912421200574630	4	0
3912425311280108	5	0
3912426724197437	2	0
3912432260593489	2	0
3912432261269986	4	0
3912439810947397	3	0
3912444956956650	2	0
3912446635278998	9	0
3912449033613747	3	0
3912453596969349	8	0
3912455807809732	5	0
3912457275664648	2	0
3912465618135666	3	0
3912470026678546	2	0
3912470059628015	2	0
3912471200872447	4	0
3912472597492430	4	0
3912480189065767	4	0
3912481208164441	9	0
3912482676739462	1	0
3912483868232736	3	0
3912486703386370	5	0
3912488443950674	2	0
3912489689265860	3	0
3912492658547302	4	0
3912492860048548	3	0
3912523109318737	3	0
3914082308444251	2	0
3914083692692107	6	0
3914084145179010	4	0
3914107511640336	3	0
3914115023797414	2	0
3914122997197872	2	0
3914124251501287	1	0
3914129607518432	3	0
3914130941495346	2	0
3914132464064609	2	0
3914139254219399	4	0
3914141004083236	5	0
3914150419810983	4	0
3914157789567520	3	0
3914179678893565	4	0
3914186130002384	4	0
3914190714411797	3	0
3914197718744878	9	0
3914198566167066	5	0
3914201782880304	2	0
3914224361233319	2	0
3914312353407934	4	0
3914319697753765	2	0
3914349909255190	4	0
3914408365363135	6	0
3914417831761228	3	0
3914417844348877	4	0
3914424035038005	2	0
3914425381554655	3	0
3914426157431816	5	0
3914432130023000	3	0
3914432943834162	4	0
3914433073708742	10	0
3914437787926896	3	0
3914439272978863	6	0
3914440489196848	3	0
3914440497991600	2	0
3914447313184247	2	0
3914448043441416	2	0
3914451004393667	4	0
3914452334540597	7	0
3914454024312458	5	0
3914454540048890	4	0
3914455580173299	2	0
3914456541043605	1	0
3914461464851920	4	0
3914464661355231	7	0
3914465986409627	3	0
3914468486353367	3	0
3914470327497052	3	0
3914475059005569	2	0
3914475574645209	5	0
3914479978870372	11	0
3914480125459044	7	0
3914485783721612	3	0
3914487339729332	2	0
3914490971745534	3	0
3914490997280330	4	0
3914492762739733	2	0
3914493430096782	2	0
3914494595719037	3	0
3914496441301017	3	0
3914497280008916	4	0
3914500329195428	4	0
3914502757713218	5	0
3914505219750495	3	0
3914508747613081	5	0
3914511633066985	8	0
3914513407381334	5	0
3914514074078597	2	0
3914515978494941	5	0
3914517857998295	2	0
3914518574653150	3	0
3914519346165156	2	0
3914522915771439	3	0
3914523113524502	3	0
3914524874611564	2	0
3914528939180058	3	0
3914529463288580	4	0
3914529849151567	3	0
3914531090940590	4	0
3914535301678350	3	0
3914535494504721	1	0
3914538635795904	2	0
3914539139542866	3	0
3914541735649987	2	0
3914543543100202	6	0
3914544650639918	3	0
3914546181583186	2	0
3914546189954126	5	0
3914550585665361	3	0
3914551038680788	3	0
3914551793619336	7	0
3914889170533419	2	0
3914889489625107	2	0
3914892056276478	3	0
3914892753289072	4	0
3914893478373510	4	0
3914895118480511	2	0
3914901023683046	3	0
3914901938416248	3	0
3914903520061513	2	0
3914907416323449	2	0
3914908238190725	2	0
3914908565313617	3	0
3914908754234194	3	0
3914913804529569	6	0
3914916115238846	2	0
3914917202027099	6	0
3914920116213248	5	0
3914923430105319	3	0
3914925761838839	4	0
3914928295293991	2	0
3914928731405241	2	0
3914931995027561	4	0
3914933500531779	2	0
3914934326947009	2	0
3914934708539689	1	0
3914938097256261	8	0
3914938479064324	2	0
3914938772507300	3	0
3914940244830101	5	0
3914941700199302	3	0
3914942375560013	2	0
3914946322230066	2	0
3914946657959150	2	0
3914946699761129	2	0
3914946708564833	3	0
3914951724449159	2	0
3914952496287765	3	0
3914952974626979	7	0
3914953876260575	3	0
3914956996755662	2	0
3914958381116664	3	0
3914960717300942	2	0
3914961044323177	5	0
3914961417767122	4	0
3914965955700101	2	0
3914967453289371	6	0
3914968975997800	9	0
3914969005396919	2	0
3914972935203142	2	0
3914974282233951	15	0
3914976513188430	3	0
3914976525782106	8	0
3914976596906769	2	0
3914979276803914	4	0
3914981567819552	3	0
3914984071211914	2	0
3914985996128124	3	0
3914986075901138	3	0
3914986595984748	5	0
3915204855319938	6	0
3915205639472276	3	0
3915206381782933	5	0
3915206985705643	4	0
3915215600926430	2	0
3915220210279868	5	0
3915226032152363	3	0
3915226925452991	2	0
3915231023390175	7	0
3915232202168231	3	0
3915236274647941	5	0
3915238778711508	2	0
3915242129839401	10	0
3915247716508107	6	0
3915248098208260	6	0
3915253467483694	5	0
3915253928682086	2	0
3915258244913647	2	0
3915259393782169	8	0
3915259615971029	3	0
3915264850500949	3	0
3915265685218758	4	0
3915269913649305	1	0
3915271443869478	6	0
3915272525999534	4	0
3915277613846278	3	0
3915280910504734	4	0
3915282873501943	3	0
3915286690577759	3	0
3915287721831527	2	0
3915292625272558	5	0
3915292902028428	3	0
3915296781463574	3	0
3915297645721873	3	0
3915301919412701	3	0
3915303697787017	5	0
3915305652811595	2	0
3915308290658253	4	0
3915311457659708	2	0
3915311802053536	1	0
3915316499123075	3	0
3915318252190396	4	0
3915323390847850	6	0
3915323801132688	2	0
3915324619363386	3	0
3915326737558934	3	0
3915329963001824	2	0
3915330789258849	5	0
3915337021732988	4	0
3915338913769113	2	0
3915340738683819	6	0
3917769927606741	4	0
3917778349794684	10	0
3917785023371500	3	0
3917796804822591	3	0
3917802756621282	10	0
3917807927996109	2	0
3917810986061517	4	0
3917813678399074	5	0
3917822868990915	4	0
3917837951500107	3	0
3917846436132346	2	0
3917848134960585	5	0
3917861837816736	3	0
3917861892130178	1	0
3918129602050278	2	0
3918133821210651	3	0
3918134266101221	3	0
3918139869563837	3	0
3918139945635877	6	0
3918142529008993	8	0
3918144744169775	3	0
3918147100700581	4	0
3918149604432694	2	0
3918150204550001	3	0
3918150989135941	5	0
3918152213254937	3	0
3918152607922613	3	0
3918152922072311	4	0
3918154671193480	18	0
3918157686922528	2	0
3918159562031571	2	0
3918161772381338	5	0
3918162506188016	3	0
3918162631861421	7	0
3918167333931255	6	0
3918167556156250	3	0
3918168663413423	2	0
3918170064187905	2	0
3918170143956018	3	0
3918172954046187	2	0
3918174581687437	7	0
3918176078877080	4	0
3918178033592023	2	0
3918181993064875	7	0
3918182701706701	12	0
3918185914461107	3	0
3918187604984663	5	0
3918187756359775	3	0
3918187899385191	2	0
3918191925364701	2	0
3918192709408009	2	0
3918194252760592	3	0
3918196068854430	3	0
3918200125216965	7	0
3918200158798922	3	0
3918200318313510	2	0
3918203467887255	34	0
3918204403174869	3	0
3918207809009136	2	0
3918210543891742	2	0
3918213337126172	2	0
3918215358827905	6	0
3918215366848522	6	0
3918215723807767	7	0
3918217653199558	12	0
3918220333187042	4	0
3918222925103833	2	0
3918225345554362	2	0
3918227526567556	18	0
3918230357498665	2	0
3918230453779877	3	0
3918230466599347	2	0
3918235499669365	2	0
3918236011287961	3	0
3918238003708351	6	0
3918239341584361	8	0
3918240377832625	2	0
3918243083700110	7	0
3918245553445322	5	0
3918246073565845	3	0
3918246388165024	5	0
3918249358259863	3	0
3918524902375111	3	0
3918527414848182	2	0
3918530334142833	6	0
3918534851213968	2	0
3918534852027592	4	0
3918536084298388	4	0
3918537494204070	2	0
3918537661881491	4	0
3918539968593167	3	0
3918539993779667	2	0
3918541402832393	5	0
3918542666168297	6	0
3918547342280633	8	0
3918547547691464	2	0
3918547732080561	4	0
3918549149923877	3	0
3918554845686865	2	0
3918555218906759	2	0
3918555680119399	8	0
3918558108590463	3	0
3918558499050967	4	0
3918561292411278	1	0
3918564522131883	2	0
3918564735937692	2	0
3918568221426659	3	0
3918570196626796	2	0
3918570276680911	6	0
3918571266288118	3	0
3918576853111312	2	0
3918577750960623	3	0
3918579685022531	3	0
3918586617553346	2	0
3918590338131993	2	0
3918591411794490	3	0
3918595647661796	5	0
3918596750736828	4	0
3918597082126045	3	0
3918597732347375	6	0
3918598059677449	3	0
3918598457882662	4	0
3918600391761292	2	0
3918600416952183	4	0
3918602819862858	4	0
3918605340888401	3	0
3918607941495396	5	0
3918610659289460	2	0
3918615017308728	2	0
3918615306787217	4	0
3918615525000495	3	0
3918615591615469	4	0
3918617244241350	4	0
3918619651879745	2	0
3918622903056631	6	0
3918623032394789	3	0
3918623040792854	2	0
3918625976974411	5	0
3918629244332476	5	0
3918630594557241	3	0
3918631031270564	3	0
3918775696618496	3	0
3918776061740918	2	0
3918776330149229	3	0
3918777592586345	5	0
3918777823411524	3	0
3918781141200175	3	0
3918781727953305	3	0
3918785876329489	8	0
3918786463631892	4	0
3918788539523897	3	0
3918790632442753	7	0
3918790851029005	3	0
3918792847535298	3	0
3918793191277239	3	0
3918796504841684	4	0
3918798316397729	20	0
3918798664937103	2	0
3918798811575938	2	0
3918801982651313	3	0
3918802737465343	3	0
3918805653020146	9	0
3918806747231403	1	0
3918809838634046	9	0
3918809943738630	2	0
3918811784509115	2	0
3918814334581505	3	0
3918815031209330	3	0
3918816561708438	2	0
3918816947905455	4	0
3918819338375882	3	0
3918819774726094	3	0
3918821184723686	4	0
3918822014820299	3	0
3918826883810326	2	0
3918827765027560	4	0
3918828729687107	6	0
3918829413104471	2	0
3918832751786376	4	0
3918834509133461	3	0
3918835142446706	2	0
3918836330101651	2	0
3918837466216239	3	0
3918839479416539	2	0
3918839567737228	4	0
3918841983406813	2	0
3918845498239554	5	0
3918849545788818	2	0
3918850238145856	6	0
3918852192997759	2	0
3918855807822739	5	0
3918856394958337	3	0
3918858068473932	2	0
3918863588192280	2	0
3918869460327314	2	0
3918869678318467	3	0
3918869875782195	8	0
3918870706295904	7	0
3918872128346481	7	0
3918872446554169	7	0
3918873953253015	5	0
3918874262788949	5	0
3918874703221397	3	0
3918877563642955	2	0
3918879736666153	2	0
3918881385602765	6	0
3918882433483371	4	0
3918884023662848	4	0
3918886191275429	1	0
3918887344957709	2	0
3918890788416166	2	0
3918890846916635	8	0
3918890968635196	2	0
3918893036837996	5	0
3918897180569639	5	0
3918897285462753	5	0
3918898111537107	11	0
3918898157708157	2	0
3918898761866343	13	0
3918900183736199	8	0
3918903896401919	3	0
3918904935745262	2	0
3918905611028834	6	0
3918906911542354	4	0
3918908056772361	3	0
3918908475725393	4	0
3918912376612615	7	0
3918914029030105	2	0
3918984984266225	3	0
3918985437102238	4	0
3918985441737820	8	0
3918999479742907	4	0
3919000532509034	2	0
3919000540671529	3	0
3919000541555565	2	0
3919005561171297	1	0
3919011315996195	7	0
3919013111287857	2	0
3919030740003418	4	0
3919110880797389	8	0
3919135370909285	20	0
3919143985782005	2	0
3919146859872195	5	0
3919151535732127	3	0
3919158834602739	4	0
3919161858289277	3	0
3919166622603366	3	0
3919166702420371	1	0
3919167558238186	4	0
3919167948040240	4	0
3919173979645297	3	0
3919179369410295	7	0
3919179549635791	3	0
3919181776733679	3	0
3919182560764692	1	0
3919189419343044	6	0
3919195962481821	2	0
3919196062505633	4	0
3919203024793240	4	0
3919204577133454	3	0
3919209488319682	6	0
3919212206140075	4	0
3919213464587919	7	0
3919218464045517	2	0
3919221362480458	3	0
3919227050195585	3	0
3919231177222509	3	0
3919235312535884	2	0
3919237594596594	3	0
3919241465684531	4	0
3919242119905103	2	0
3919242904338369	1	0
3919244880206050	14	0
3919247623089469	3	0
3919248684821282	3	0
3919249669642154	2	0
3919251238676880	6	0
3919252538593663	2	0
3919256049159866	5	0
3919257219616259	4	0
3919268246204450	3	0
3919271970863949	2	0
3921356049557769	15	0
3921367009018844	4	0
3921376773297108	5	0
3921383585164810	3	0
3921421924832227	2	0
3921423456225617	5	0
3921534080538509	3	0
3921535498271281	5	0
3921537243299500	4	0
3921537255895684	3	0
3921542276460163	4	0
3921544645988401	7	0
3921545984113110	2	0
3921549256229480	3	0
3921552355237378	4	0
3921567454976959	2	0
3921571963610116	6	0
3921588556494013	4	0
3921658051743942	5	0
3921658803339686	4	0
3921663085062002	5	0
3921665589097144	2	0
3921668118521758	6	0
3921672174515260	2	0
3921673138540639	2	0
3921675986412093	6	0
3921680700925924	3	0
3921684148852246	3	0
3921686610700353	14	0
3921687059492227	4	0
3921688251455682	5	0
3921689995888731	4	0
3921692378236947	6	0
3921695095800393	5	0
3921701530180189	3	0
3921702368808348	10	0
3921703337645264	3	0
3921704642569096	3	0
3921706395172912	9	0
3921709515963724	3	0
3921716000330801	3	0
3921716080081688	8	0
3921717027823062	4	0
3921718445552958	3	0
3921718789797345	4	0
3921721553498850	2	0
3921723889865905	3	0
3921724300837536	7	0
3921725987022553	2	0
3921729027899223	3	0
3921730692815175	4	0
3921730751921973	2	0
3921731464641001	6	0
3921733536877106	2	0
3921735289885398	3	0
3921743363844268	3	0
3921743615425573	2	0
3921744089488701	2	0
3921747809897227	3	0
3921748573067295	4	0
3921748636205407	3	0
3921754160868447	5	0
3921755867134530	3	0
3921759314846119	4	0
3921759969148377	3	0
3921760166165016	4	0
3921762012613194	3	0
3921763744277336	6	0
3921769402187236	5	0
3921772745156169	4	0
3921774171230088	9	0
3921775362117941	4	0
3921776075444162	3	0
3921778839947030	2	0
3921778848272031	7	0
3921778907151869	3	0
3921780739598684	6	0
3921788146818914	4	0
3921790012802898	7	0
3921793259190854	3	0
3921793934460581	2	0
3921794509376266	2	0
3921796472436099	3	0
3921800113017980	3	0
3921803003520486	3	0
3921804659281131	6	0
3921807033706522	6	0
3921809042333182	2	0
3921813417216594	4	0
3921817804596092	2	0
3921818328763025	2	0
3921819793063628	7	0
3921824133519827	3	0
3921825278712911	2	0
3921829087712324	2	0
3921829611454797	4	0
3921829661820166	4	0
3921831884735304	2	0
3921834212523022	3	0
3921837287107743	8	0
3921838587166257	4	0
3921839233086550	5	0
3922027976699825	4	0
3922030506431735	5	0
3922032192240575	4	0
3922035535227110	3	0
3922044196181662	5	0
3922050630260258	3	0
3922055365754541	4	0
3922064974887558	6	0
3922065738374452	3	0
3922066204152621	3	0
3922067819256827	3	0
3922071698521789	2	0
3922073275117223	6	0
3922076102833613	7	0
3922081903073984	4	0
3922082322616473	5	0
3922095933079467	2	0
3922114622540868	7	0
3922115532720857	7	0
3922124340863986	3	0
3922129097279460	2	0
3922130129173564	3	0
3922137142166302	3	0
3922141223187839	7	0
3922141743754003	10	0
3922141864740661	4	0
4010312877	1	1
4016873519	1	1
4264473811	1	1
4473713031	1	1
4568996921	1	1
4655484863	1	0
4655559643	1	0
4773139373	1	1
4797774195	1	0
4837795857	1	0
4899667273	2	0
4964088237	1	1
4981606729	1	1
5448676913	1	0
5484516113	1	0
5575041885	1	1
5812946885	3	1
5823939867	1	1
6143639461	1	1
6331302075	1	0
6412146003	1	1
6633920051	1	1
6707065365	1	1
6714838757	2	1
6786321767	1	0
6962039301	1	1
7001078201	1	0
7036016073	1	1
7037124023	1	1
7152081523	1	1
7396888555	1	0
7577781753	1	0
7689288299	1	1
7704392289	2	0
8083591237	1	0
8209825805	1	0
8305840245	1	1
8336201314	1	0
8430939637	1	1
8431702113	1	0
8435765103	2	1
8514365559	1	1
8535326047	1	1
8732913535	1	0
8733329059	1	1
8807689996	1	1
8839253726	1	1
8876904039	1	1
8949574161	1	0
8980305559	1	1
8980862201	1	0
9006189127	1	1
9020328467	1	0
9123353039	2	1
9131655687	1	0
9231485285	1	0
9336971611	1	0
9624944661	1	0
9625080948	1	0
9655586843	2	0
9656869647	1	0
9673602170	1	0
9743573309	1	0
9833726676	2	0
3600000053764287	4	1
3600079791789491	11	1
3600106408354965	2	1
3600092441727665	8	1
3600108606269491	3	1
3600098464737330	4	1
3600314818916458	7	1
3600344279810683	4	1
3600352316557797	2	1
3600371492116232	8	1
3600367146791215	5	1
3600427322813770	6	1
3600431043127435	5	1
3600453134518069	2	1
3600440409433496	9	1
3600441415772315	4	1
3601471004353060	8	1
3601521595550755	3	1
3601507255205777	6	1
3601510937962192	7	1
3601548871988403	4	1
3601549630396186	7	1
3600567161203191	18	1
3601551484167477	8	1
3601556823599188	5	1
3601672934664369	8	1
3601722780057799	5	1
3601801998091186	4	1
3601817860469457	10	1
3601885418142650	3	1
3601912844708626	5	1
3602244861774232	7	1
3602269863635520	1	1
3601362552599896	6	1
3601383015816200	9	1
3602443977640496	17	1
3602527801217022	6	1
3602611439603519	7	1
3602618083439560	4	1
3602643123681995	9	1
3602631093667066	4	1
3602801513263583	10	1
3602818340098734	5	1
3602859314533134	10	1
3602859067013597	5	1
3603860545131642	12	1
3603883043316157	5	1
3602915262117377	3	1
3603146955630933	3	1
3603149179270810	8	1
3603135417307950	4	1
3603163854589304	13	1
3603166249390886	7	1
3603201330395460	8	1
3604242079885609	19	1
3604301987098116	4	1
3604331712294291	3	1
3604321059416823	8	1
3604338167925692	7	1
3603362655796653	8	1
3604388440196743	9	1
3604402235240065	6	1
3604430232223096	5	1
3604446921356919	8	1
3604484397691438	6	1
3604576437825120	5	1
3604598545282849	9	1
3604583995292143	5	1
3603594810790261	5	1
3603595070896498	6	1
3603614419737740	3	1
3604623678104048	13	1
3604641868852445	10	1
3604656955559943	7	1
3604678954639668	9	1
3604681035138411	3	1
3604683006393355	7	1
3604696122007267	5	1
3604721673812861	8	1
3604711900927683	8	1
3604785288686291	6	1
3605007607659996	4	1
3606421822581559	16	1
3606476838699358	5	1
3606478545711757	6	1
3606625849443761	6	1
3605737424996159	5	1
3605790654561737	15	1
3606803176837565	7	1
3606841663165498	5	1
3606860735139819	5	1
3606984689469388	5	1
3606979400420766	4	1
3607133171814941	6	1
3607150053779665	2	1
3607152562636381	5	1
3607165052689827	2	1
3607268253346258	3	1
3607317427897617	11	1
3607521723473212	6	1
3608646216770601	3	1
3608684103626012	5	1
3607706009398967	6	1
3608706866371751	18	1
3608759563872878	6	1
3607852234767114	5	1
3607938305908080	8	1
3607987484215361	7	1
3608024058510644	8	1
3608017679931214	8	1
3609151533781720	7	1
3608232839336801	7	1
3608316766543224	10	1
3608356143065421	12	1
3609643358404403	8	1
3609762572853631	6	1
3611180100371563	10	1
3610166090156883	3	1
3610511268352922	9	1
3611512154926879	12	1
3610760707921870	7	1
3611963021774660	14	1
3611983083797092	12	1
3612002058747899	9	1
3612066177297887	6	1
3612307185629216	9	1
3613390578811400	3	1
3613487521466515	3	1
3613514679797368	4	1
3612757158904294	6	1
3612816923388736	6	1
3613836680911246	4	1
3613843534108659	5	1
3612963241924836	7	1
3613009442246735	3	1
3613075443363848	2	1
3613103327395758	2	1
3613178040530862	6	1
3614253145257564	4	1
3613256306531605	10	1
3613266053872677	5	1
3616009728134268	4	1
3615500158396130	10	1
3616553960362276	11	1
3616570095758987	4	1
3617656609103157	4	1
3618768330739184	16	1
3617838936120152	7	1
3618851030147111	3	1
3618902963871537	30	1
3619882367478362	5	1
3619914335835505	4	1
3619966076683384	6	1
3620326275349008	8	1
3685957590853261	2	1
3685964956754161	4	1
3686031016722029	7	1
3624168329816340	3	1
3686328803349758	8	1
3687377647760855	3	1
3687445482970781	3	1
3686551860653652	11	1
3625597228248709	10	1
3686593447136245	10	1
3687631823436169	14	1
3625669277685908	4	1
3687649808276918	3	1
3625703373470078	11	1
3687664324971626	6	1
3687731072791527	9	1
3625818762514205	10	1
3625811233733342	2	1
3624895717758116	11	1
3687937889799348	2	1
3626014721118492	4	1
3688060438931282	11	1
3687069325429101	3	1
3688070450630068	15	1
3688082220443477	5	1
3688099362127971	7	1
3688167146464361	3	1
3688448223402590	16	1
3688516749875051	8	1
3688523406217197	9	1
3688526178542564	14	1
3688527940153648	4	1
3688778810495566	7	1
3626853283278784	8	1
3688818420807547	7	1
3688902252927902	4	1
3688986222427270	11	1
3689051552962637	5	1
3689037455673671	6	1
3689038592535660	9	1
3689061070031230	6	1
3689078133277653	3	1
3689099518678473	7	1
3627260260747489	5	1
3689252871531444	4	1
3689304725076460	3	1
3690343021183952	11	1
3690347769409020	3	1
3689382529269084	4	1
3689424116626444	9	1
3628529369513105	11	1
3689501911995200	3	1
3630121455811585	2	1
3629437310172693	6	1
3630502047476920	4	1
3691572665166706	8	1
3629705276673018	2	1
3692716216864631	7	1
3691788764481838	22	1
3693001060527378	2	1
3631073731086816	12	1
3631215511239428	10	1
3631473602937496	4	1
3694446074391241	4	1
3694473730801764	2	1
3694459651213688	4	1
3694525488386512	2	1
3694548225762219	17	1
3694540843901479	3	1
3632667465734419	14	1
3694162165182131	6	1
3694162631037474	7	1
3694165722285990	8	1
3694166221630518	4	1
3694166888258651	3	1
3694167773707412	4	1
3694168142597384	6	1
3694168352742087	8	1
3694168818228069	7	1
3694171070278864	4	1
3694175394066733	4	1
3694175721545664	9	1
3694176045064502	6	1
3694179416541403	7	1
3694179979148280	4	1
3694185204785962	3	1
3694189822345373	7	1
3694197800124348	3	1
3694217819812109	3	1
3694226967432406	4	1
3694262367485307	10	1
3694279962616578	3	1
3694281149178232	3	1
3694304331568435	2	1
3633369105834794	10	1
3695953506645173	8	1
3634022108721584	2	1
3697068939625998	7	1
3635767257237167	2	1
3697936967527034	5	1
3697924699779931	7	1
3697941531177495	4	1
3697943938568537	7	1
3697946027940242	11	1
3697946598058579	3	1
3637228884723056	7	1
3636271064499418	11	1
3636672451260096	6	1
3639260386712925	4	1
3640534125561830	13	1
3642694800544710	3	1
3644178900277111	10	1
3644188010671060	5	1
3644204993218832	4	1
3644211922184962	9	1
3644236978724465	7	1
3646313046790451	6	1
3647470162446581	10	1
3647791215625771	6	1
3648179172349025	4	1
3649197423473131	5	1
3649723783487268	2	1
3651454973879505	4	1
3650760975508494	9	1
3650948683958974	6	1
3650981189390338	4	1
3651015800927256	6	1
3651040853398576	3	1
3651110990091157	3	1
3651156783630358	7	1
3651169753216544	5	1
3651171602494589	3	1
3652617806566752	5	1
3653308625587985	4	1
3653342704448753	5	1
3653384785642009	2	1
3653561013720346	3	1
3655373212692622	11	1
3656546879440065	8	1
3656772843668120	5	1
3658411864390176	5	1
3660535071939322	2	1
3660584488289199	8	1
3663371628503052	5	1
3662387414965319	9	1
3662745800617966	11	1
3663876879430376	9	1
3663907933793559	11	1
3664010711257804	4	1
3664059214134545	3	1
3664833612501379	3	1
3664886960066812	8	1
3668092918118802	7	1
3669176193172473	5	1
3670603720065006	13	1
3671001906510580	14	1
3672017288936066	11	1
3673279208789543	12	1
3675680594481105	3	1
3674718999284440	2	1
3675076107205545	4	1
3675079412124627	3	1
3675081450231320	4	1
3676566855276819	3	1
3676825718607271	6	1
3676871982475683	18	1
3676885747718910	22	1
3677506940559135	10	1
3679006043852862	16	1
3679689707007203	7	1
3682680904569511	5	1
3683685465521362	4	1
3683685465521563	4	1
3683750435840938	4	1
3683871567040637	3	1
3684925415194613	8	1
3684095995971132	12	1
3684090567660542	10	1
3684126836169884	6	1
3684128371509575	4	1
3685447920105400	4	1
3684526800267299	18	1
3350040253028385	3	1
3485882990955466	5	1
3485902771037131	15	1
3486168438022990	6	1
3487191655426766	6	1
3487238812292624	5	1
3487239915378586	6	1
3486263653132914	9	1
3487316846362296	6	1
3487333800556483	11	1
3487319200055757	7	1
3487373335401384	7	1
3487357246294956	2	1
3486489126619759	7	1
3486530447983364	7	1
3487564139075943	10	1
3486567127953437	5	1
3487579301290745	5	1
3487581708809960	5	1
3486585045774431	4	1
3487608887436332	6	1
3487620577388688	5	1
3487641032588572	5	1
3486673457841762	12	1
3487675674072268	5	1
3487706250691298	8	1
3486691253958660	15	1
3487700189668878	9	1
3486783347798216	7	1
3486843071090659	9	1
3486845608638980	2	1
3486854890044793	7	1
3487894423824142	17	1
3487961456321584	7	1
3486980387807610	9	1
3486986402905181	13	1
3486993755138946	6	1
3488001407700350	10	1
3487036646825707	9	1
3488048661079851	9	1
3488069040840160	8	1
3488068805912999	3	1
3487160143823574	6	1
3488323454364109	7	1
3488336150630619	3	1
3488429172031138	5	1
3488623943077074	5	1
3488713802136794	7	1
3488736321072433	5	1
3488800305562925	8	1
3488801890821546	7	1
3488823655078819	12	1
3488808240636203	5	1
3488808366711890	6	1
3488826536577004	7	1
3488834052879768	9	1
3488841124105986	8	1
3488860002774854	3	1
3488860103182657	6	1
3488860622959802	5	1
3488848166740066	7	1
3488870240452997	12	1
3489907987681057	13	1
3489892804149018	2	1
3489937448229372	9	1
3489942821335796	8	1
3488980601462787	6	1
3488985853178103	5	1
3488989674101466	7	1
3488998049645638	14	1
3489016391886223	9	1
3490019467667327	8	1
3489009952634298	4	1
3489035374832682	8	1
3489035978933121	7	1
3489064139503488	8	1
3489068896186317	4	1
3489090936868577	14	1
3489091498346620	7	1
3489096049680543	3	1
3489096444185203	4	1
3490095649239067	4	1
3490079798609754	4	1
3489097953609637	6	1
3490082080383734	7	1
3489082904953389	7	1
3489099614454084	14	1
3490083770692016	3	1
3489101477126498	10	1
3489105411393740	7	1
3489108179116905	4	1
3489110939758010	7	1
3490113894293453	7	1
3490117287436856	2	1
3489120016355026	8	1
3489137766221618	9	1
3489142434505515	7	1
3489147207827234	9	1
3489153994433578	4	1
3489157286822636	12	1
3489163980623509	5	1
3489185887889575	4	1
3489186630221600	6	1
3489202996195214	8	1
3489225288276286	7	1
3490292449965980	7	1
3489438447217862	4	1
3489442075923379	7	1
3489472027325168	7	1
3489510606556319	4	1
3490880437044775	10	1
3491972712674827	5	1
3491014906301836	4	1
3492002199258485	11	1
3491022178861871	9	1
3492067357689689	7	1
3492098550161083	6	1
3492298274631749	5	1
3492306789391522	8	1
3492313617595414	5	1
3492333909830321	8	1
3492333762865738	5	1
3492335394659283	5	1
3492337940615684	6	1
3491368825851241	4	1
3491383639981633	5	1
3492438201386444	5	1
3492443267520328	8	1
3492446053240133	7	1
3492448519351538	9	1
3492449014411924	7	1
3492449035178406	3	1
3492459252380301	4	1
3492459734875522	9	1
3492491900931319	6	1
3491548534228211	7	1
3491549667144074	4	1
3491550992977247	8	1
3491551634579276	3	1
3491552036431207	6	1
3491553588609239	14	1
3491555228499082	3	1
3491555589673815	3	1
3491543916953598	4	1
3491544621466572	5	1
3491544864925209	5	1
3491546567738403	4	1
3491546966012511	4	1
3491564464892130	7	1
3491568721987017	7	1
3491571859596491	5	1
3491576213000165	1	1
3491594072714093	5	1
3491582114671030	4	1
3491585033754109	8	1
3491611545989751	10	1
3491623524636311	5	1
3491643027771174	11	1
3492658964036815	4	1
3492701478000644	3	1
3491706714410644	3	1
3492710012471539	11	1
3491717829841601	5	1
3491728411990928	9	1
3492737561395470	1	1
3492839960872769	3	1
3491916861467733	8	1
3493004046488512	10	1
3493025545786832	2	1
3493096409268713	4	1
3493189724090283	3	1
3493200461638007	5	1
3493217721117209	6	1
3493352454615919	7	1
3493401536294919	9	1
3493463742206046	15	1
3494620366946102	4	1
3493708597108003	7	1
3493743171201367	3	1
3494845165558900	15	1
3493875048243620	7	1
3493879288634088	13	1
3494885757600474	7	1
3493888415670451	8	1
3494171795104491	5	1
3495220068943200	10	1
3495222657050518	4	1
3494245048543363	4	1
3495318807631968	18	1
3495381470293153	3	1
3495585271593099	5	1
3495640019701213	6	1
3495660563571954	6	1
3495745049431351	0	1
3495729601661914	14	1
3496809274098555	14	1
3496972759143336	4	1
3497007362625593	13	1
3497008692459951	8	1
3497079273523040	6	1
3496244897298218	16	1
3497344144309737	9	1
3496365798037366	4	1
3435454407726933	19	1
3496623327531255	4	1
3496628361121803	10	1
3497940054647275	7	1
3499135082795848	5	1
3499161628022251	7	1
3498165074635652	6	1
3498148767247403	5	1
3499181094188702	7	1
3499193706686298	5	1
3499245883634226	4	1
3498256908709310	5	1
3498478561361651	10	1
3498498710659473	7	1
3498552099553675	11	1
3499582631364492	6	1
3498569279311346	9	1
3498577018422805	6	1
3499630773739007	12	1
3498638225486469	7	1
3498781704211712	5	1
3498832740966369	5	1
3498854609883720	14	1
3498869415811827	3	1
3498870451692065	6	1
3498871676730328	6	1
3499877922886432	5	1
3499922047806436	5	1
3499972223441383	10	1
3498960855601223	8	1
3439074688233106	13	1
3451776512506518	8	1
3451804916598743	8	1
3452222430499616	6	1
3452380966725128	3	1
3452418795146337	14	1
3452422104224738	6	1
3452453997419541	11	1
3452470666168082	6	1
3452516866452873	11	1
3452584473649318	8	1
3453876256653682	17	1
3454043504573737	2	1
3453234448444600	9	1
3453249292186339	4	1
3453254178451240	4	1
3453301066925717	5	1
3454298556129386	9	1
3453529848897130	4	1
3453589098135002	5	1
3454620153860425	12	1
3453629262608984	8	1
3453646882841201	9	1
3454632070539096	7	1
3453649164777578	10	1
3453638683142474	5	1
3453656936899673	3	1
3453675689558352	3	1
3453675718928162	11	1
3453724347000346	11	1
3455048119687645	21	1
3455119418952354	6	1
3455278454240838	19	1
3456465409077567	3	1
3455471589732561	5	1
3455477713507351	12	1
3456581075487348	13	1
3456869509414752	8	1
3456068187718256	6	1
3457125642347785	5	1
3457148816430806	7	1
3457186108155483	11	1
3457191178925134	4	1
3457180764465171	10	1
3457250520132238	5	1
3457259298831551	7	1
3457489054090868	2	1
3457514660417305	5	1
3457519378932573	2	1
3457544725440578	4	1
3457580171289757	3	1
3457616380880779	4	1
3457653114185006	5	1
3457667438187103	4	1
3457688354734395	10	1
3458030367024814	6	1
3458052025942521	14	1
3458052369594626	21	1
3459289069282624	4	1
3459357758498843	7	1
3459378101726338	8	1
3459370434645053	8	1
3459443922790146	4	1
3459674701651715	7	1
3459719236794007	10	1
3459991333888542	5	1
3460008874729757	4	1
3460049077161136	3	1
3460068303693358	2	1
3460064679567744	22	1
3460081889000627	9	1
3460099291076843	4	1
3461174400099598	7	1
3461274552166859	7	1
3460729330329170	5	1
3460774452684348	8	1
3460892992058399	7	1
3463354599350536	10	1
3463394076393322	3	1
3462537242957043	3	1
3463033320068479	6	1
3464577842643036	16	1
3464725276652656	10	1
3464774891129946	10	1
3464863219571406	6	1
3464893543788087	8	1
3464942885303239	12	1
3465261540071546	15	1
3466379833885944	6	1
3466532812650608	7	1
3466544342618479	4	1
3465560953888712	4	1
3468095584549479	8	1
3469223404153052	16	1
3469650639293155	11	1
3469903954912172	4	1
3470312370783354	16	1
3471349043416177	11	1
3473324619770319	5	1
3472368082960657	6	1
3472360072478251	7	1
3474212025399603	14	1
3474196170493301	15	1
3474237413378556	16	1
3475292175812467	5	1
3475276719201366	6	1
3475302015075964	5	1
3475357284342594	6	1
3475375470567128	6	1
3475560997435225	5	1
3474641237023164	20	1
3475659776765538	8	1
3475730685784894	10	1
3475731117821179	16	1
3475779444480201	6	1
3475831861399909	8	1
3475816099213996	13	1
3475822150928775	6	1
3474949371560457	3	1
3475956478311632	4	1
3475985904876788	8	1
3475973863764537	9	1
3474993889611780	6	1
3475996311495215	6	1
3475997196621695	5	1
3476001294281594	14	1
3476003118586439	8	1
3476004406604577	5	1
3476011099904602	4	1
3476014229176895	7	1
3476047150609199	4	1
3476055656644087	8	1
3475077888525853	7	1
3475088676818687	3	1
3475189017268462	15	1
3476347987243728	7	1
3476366005708918	4	1
3476375468407135	12	1
3476379494883694	5	1
3476433059938818	5	1
3476452156883386	3	1
3476463481768425	7	1
3476496058745719	11	1
3476536713907169	4	1
3476556960113464	9	1
3476559849884422	10	1
3476564970344448	9	1
3476566317719846	11	1
3476551272666639	17	1
3476569358351888	7	1
3476554078362696	8	1
3476573711898284	8	1
3477649144126147	10	1
3476653320024104	8	1
3476671204519909	2	1
3476689298354467	8	1
3476693899950085	7	1
3476694629370866	8	1
3476699603835744	6	1
3476703361978782	7	1
3476720403686044	5	1
3476720315058074	3	1
3476724542925166	8	1
3476709573976614	9	1
3476728628724751	4	1
3476748715233639	3	1
3476748811452994	3	1
3476751323900108	7	1
3476736518116035	13	1
3476754284979460	5	1
3476757086903786	3	1
3476756831300415	6	1
3476741144504142	8	1
3476742636930340	6	1
3476761289518680	5	1
3476770433092020	3	1
3476789282686011	4	1
3476774355014599	3	1
3476792642345808	4	1
3476786354136193	3	1
3477785811268462	12	1
3476808219775928	4	1
3476828583155088	9	1
3477832837695365	7	1
3476847167991333	13	1
3476847243082976	6	1
3477849484677354	10	1
3476903199574746	3	1
3476904852571197	6	1
3476892676051790	9	1
3476913014630101	5	1
3477943483403687	3	1
3477927952120795	7	1
3477940169720424	4	1
3477074696556911	7	1
3477075472427998	4	1
3477110834353749	2	1
3478206348931968	13	1
3478258433847667	5	1
3477260172103754	5	1
3478297025297295	12	1
3478344538091714	2	1
3477387511088019	6	1
3477395653052393	20	1
3478461773912071	13	1
3477544462167812	7	1
3478611753805809	3	1
3478614278383900	9	1
3477636225244970	19	1
3477641384873706	5	1
3477645428071034	6	1
3478693148247110	8	1
3478700387008482	5	1
3478718410227778	10	1
3478749062799473	4	1
3478820784587744	4	1
3478863390881124	4	1
3478848236361500	6	1
3478872286876878	6	1
3478873583320527	6	1
3478907988973801	5	1
3478912548201005	4	1
3479034115970282	5	1
3479427033665976	15	1
3480446090739784	5	1
3479432260028908	10	1
3480453215994714	6	1
3480497768613174	12	1
3479591228668237	15	1
3479646236584041	5	1
3479662610836567	3	1
3479678805595388	9	1
3480707001144602	11	1
3479752637974104	5	1
3479755288487484	9	1
3480774739092721	8	1
3479908011902517	3	1
3479953821848171	5	1
3479956317568921	6	1
3481128558350104	10	1
3481406094996295	17	1
3481413565663708	4	1
3482454025429817	4	1
3481472155823132	5	1
3482503652382705	3	1
3482530500417871	14	1
3482538712218282	9	1
3482573265648766	8	1
3482634359698716	5	1
3482704601082178	16	1
3481776967900908	2	1
3481849667911377	4	1
3481870262536710	4	1
3481875903914439	6	1
3481908875335317	2	1
3481894371372964	10	1
3483061063076840	8	1
3483063583782112	11	1
3482093444843170	7	1
3482085341954841	4	1
3482129147234171	6	1
3482227805732735	10	1
3483288419645192	2	1
3482294985747785	20	1
3483961038872775	13	1
3483981330353754	6	1
3485013402340207	6	1
3485011523234912	3	1
3485028749216845	5	1
3485063653900560	9	1
3484080714987190	5	1
3485365795239563	4	1
3485366437050016	6	1
3485369632911837	4	1
3484377063826489	10	1
3484399150588225	3	1
3484401055105935	9	1
3485384707026662	6	1
3484401692017275	10	1
3484401939493750	12	1
3484401952642594	8	1
3484403570896812	7	1
3484404997459078	5	1
3484405244976656	11	1
3484406834408808	17	1
3484391252789011	4	1
3484415605205182	12	1
3484419925117064	5	1
3484420696534784	7	1
3485437719294972	5	1
3484442163066222	6	1
3484429249048172	5	1
3484429588852111	5	1
3485445931062285	4	1
3485432052860221	5	1
3484432814099833	5	1
3485463900094387	4	1
3485466512596739	10	1
3484519405492647	9	1
3484520085121839	21	1
3485521986263315	12	1
3484651085456735	14	1
3484661135482506	4	1
3484706283005758	5	1
3485718775574527	8	1
3484703426810984	4	1
3484724339608937	4	1
3485745111589213	5	1
3484788059533944	2	1
3484774495016696	4	1
3485790535605269	16	1
3500050099603934	3	1
3500083960436926	7	1
3500236574025109	3	1
3500269000576161	4	1
3500355843268563	7	1
3501410584664439	7	1
3501401046586213	15	1
3500420544653787	5	1
3500428216243674	5	1
3500428073857022	4	1
3501429299609842	8	1
3501483205495370	4	1
3501502087940050	3	1
3501533528558289	8	1
3500592116827973	6	1
3500640565556485	13	1
3500632478948697	8	1
3501718618511248	7	1
3501712684038955	13	1
3501746318309268	11	1
3500763278016493	11	1
3500752607250904	6	1
3500799772207648	9	1
3500799898784795	6	1
3500800086806326	9	1
3501812546424620	9	1
3501836730245140	7	1
3501881290297597	5	1
3501888588979678	9	1
3501893492379472	4	1
3501895438136859	7	1
3500947630475466	8	1
3500938604210119	3	1
3500965435418414	4	1
3500969977692651	6	1
3500986368623203	4	1
3500988793218007	5	1
3500992748769953	3	1
3500997319803592	7	1
3501007159870395	14	1
3502028510223617	2	1
3502018951541090	2	1
3502046475014301	5	1
3501069860404531	6	1
3501106442896957	4	1
3501143051251320	5	1
3502151588614522	6	1
3501169957796744	9	1
3501313566911009	4	1
3501332705456634	6	1
3501337847084221	4	1
3501329089852051	12	1
3501369858201171	7	1
3502531345366671	3	1
3502570838211299	4	1
3502571694470352	3	1
3502815316353206	6	1
3502823666515332	8	1
3502884354347322	5	1
3503895353461882	7	1
3503911920559503	7	1
3503918791049877	5	1
3502922216520685	4	1
3502949257220082	6	1
3503985849777083	7	1
3503976291300771	10	1
3503976928323160	5	1
3504025666480847	3	1
3503183173448234	5	1
3503200768806063	8	1
3504353644270244	6	1
3504387072468871	6	1
3504394286475039	4	1
3504412003450064	6	1
3503559360631269	7	1
3503647151075575	12	1
3503676871907725	4	1
3503669317756910	6	1
3503687710009782	6	1
3504906071366130	4	1
3506150592854791	8	1
3506162601099827	5	1
3506164542817955	4	1
3506229823256156	6	1
3505293494965288	4	1
3505293927005981	4	1
3505305100637083	8	1
3505514078207940	2	1
3505676838179912	5	1
3505753517822653	2	1
3506789418989200	6	1
3505814034098655	9	1
3505857700455984	4	1
3506133253657691	9	1
3507188213489088	5	1
3507329591118147	4	1
3507569304244685	6	1
3507555013581758	5	1
3508583058869083	12	1
3507621707066049	4	1
3508656841096077	2	1
3508689455829552	3	1
3507874476782735	6	1
3507900985440121	10	1
3508957236737566	3	1
3507985437364629	9	1
3509007626879908	10	1
3508028450318240	3	1
3508040840360783	5	1
3509294178132362	4	1
3508416951695244	5	1
3508455602110740	4	1
3509481592219934	7	1
3509466467176769	5	1
3509835758939998	6	1
3510959064772874	8	1
3510961962636034	4	1
3510980376448123	17	1
3511082494250878	3	1
3511106943375346	4	1
3511107626565991	6	1
3511114191217907	5	1
3511117647560269	4	1
3511134378316968	10	1
3510241607927503	3	1
3510486559337117	4	1
3511492924642282	6	1
3511499119440884	7	1
3510520051025731	8	1
3510535972551211	6	1
3511601149675277	6	1
3511607152335110	7	1
3511619034372010	8	1
3511687216690701	2	1
3510739161273887	6	1
3511788597024497	5	1
3510778193690234	3	1
3510783452940844	11	1
3510802479124842	3	1
3510807269083133	10	1
3510816303317584	5	1
3510817628717886	6	1
3510821218727992	8	1
3510857797616558	6	1
3510860377096117	8	1
3510876583502945	12	1
3510861841251632	7	1
3510890932292530	7	1
3510910511006905	5	1
3510895101576065	2	1
3511911129487048	8	1
3510914869800796	6	1
3511915269299485	4	1
3512001798299989	10	1
3512026494175760	15	1
3512296465128459	15	1
3513350363696034	8	1
3512374956894100	4	1
3512376240679226	8	1
3512383823888408	4	1
3513388757542796	6	1
3513445360222163	9	1
3513456064319145	6	1
3513457607556781	7	1
3513487764664286	5	1
3513524204261047	7	1
3512602401672717	8	1
3512606659077201	3	1
3512642733943490	12	1
3512651000669866	5	1
3512683259172657	8	1
3512711013395147	12	1
3513770552486982	8	1
3513776416261903	8	1
3513822251523529	9	1
3512912876773964	14	1
3512941028164269	6	1
3512941707698187	6	1
3512933638517149	7	1
3514003047802364	10	1
3513012256273438	5	1
3514013067313963	15	1
3514044067395788	6	1
3514062409017683	3	1
3514155220697946	11	1
3514180600361613	5	1
3514207993874298	4	1
3514193703878383	4	1
3513262479906932	6	1
3513290493304816	11	1
3514388935498432	11	1
3514757086467700	7	1
3515798561580059	8	1
3515833974728440	3	1
3515863422717161	9	1
3515909513698334	10	1
3515910432525662	6	1
3515957161081635	4	1
3515977071270467	11	1
3515996041699323	8	1
3516022743206833	8	1
3516051495056011	13	1
3515105759247522	4	1
3515172402306293	7	1
3515176005258497	6	1
3515177133623130	5	1
3516196189961226	8	1
3516215341768548	6	1
3516204348375364	3	1
3516222802868097	9	1
3515232913489130	9	1
3516243602868527	5	1
3516263789690380	9	1
3516292306675519	10	1
3515279999381858	14	1
3515296763540738	10	1
3515306498371205	4	1
3516342533967379	4	1
3516345091714694	4	1
3516361349003676	3	1
3516380156720562	4	1
3516393737842829	7	1
3516394706413105	6	1
3516395172216335	2	1
3515420177320341	6	1
3515488262771092	7	1
3515523134837511	7	1
3515526720258027	4	1
3516538713809703	5	1
3515549755997342	7	1
3516596515554070	4	1
3516598901979378	3	1
3515599471078260	18	1
3515605083029671	7	1
3515617766503869	6	1
3516618472368802	2	1
3516642124852390	10	1
3516647300535472	4	1
3516692619120294	6	1
3516747649161965	3	1
3516926778845338	13	1
3517026347649064	8	1
3517105192015834	9	1
3518353152942302	5	1
3518396224240158	13	1
3517436147959632	4	1
3517450127341666	7	1
3518451824207957	7	1
3518511814617272	7	1
3517609569657070	6	1
3518713854615344	4	1
3518796410838100	7	1
3517799466780658	2	1
3517835907208784	4	1
3517844278615947	9	1
3517844509331642	4	1
3518904050006967	4	1
3517985131691650	8	1
3518033702079394	9	1
3518055328369428	6	1
3519139757199506	8	1
3519124523511095	4	1
3519366098842462	7	1
3520504910331168	3	1
3519532482021237	4	1
3519533341933969	4	1
3519592385660612	4	1
3520628361437697	8	1
3520673399481405	10	1
3520706987923093	9	1
3520696271010663	8	1
3520721714145551	8	1
3519882198619469	16	1
3520926761349760	7	1
3520966661376162	7	1
3520984722058542	3	1
3521049788336599	7	1
3521052032264897	5	1
3520058485711818	4	1
3521045488918643	8	1
3521098215849074	9	1
3521102879439862	5	1
3521135469424684	12	1
3520162789675046	5	1
3520224013515980	4	1
3521266449018655	6	1
3521273369873226	3	1
3521314507286931	3	1
3520331211578553	10	1
3521401111509221	4	1
3521404332482919	7	1
3521404504466636	10	1
3521436003937817	5	1
3521423597056517	4	1
3521597266900397	6	1
3521605651330955	11	1
3521621492850391	13	1
3521638299530621	3	1
3521705047522736	10	1
3521711376511875	9	1
3521716896494896	8	1
3521726534882819	5	1
3521754763285985	3	1
3521783459977821	3	1
3521784332486916	3	1
3521769287445261	4	1
3521774652437255	21	1
3521899399500318	4	1
3521889047287796	7	1
3521891396337049	3	1
3521928440481629	5	1
3521973127092246	10	1
3521978864546641	4	1
3521999906941401	5	1
3522018328701914	4	1
3522018735330496	11	1
3522004038267534	14	1
3522009113562735	13	1
3522037349608716	3	1
3522057663384354	5	1
3522061769619828	18	1
3522062138528886	25	1
3522046464288549	8	1
3522062918819998	7	1
3522065812103874	4	1
3522088142548790	7	1
3523113511584631	9	1
3522122414861285	6	1
3523142439447223	8	1
3523166905046601	8	1
3523221149736189	3	1
3523238128297682	4	1
3523266330931273	6	1
3522367311777458	4	1
3522397552936483	4	1
3523451346020299	8	1
3522547913686194	5	1
3522771311121795	8	1
3522812779768092	6	1
3522813832871598	8	1
3522816362039773	10	1
3523834940812803	4	1
3523879978614833	3	1
3523913675764517	13	1
3585893346832794	3	1
3585917044371291	9	1
3585925315617773	3	1
3585948313073053	3	1
3524006231630233	6	1
3586132413779178	4	1
3586148095878220	1	1
3586161802851398	2	1
3524220476264802	4	1
3524271957181456	10	1
3586264382744085	7	1
3587286128562289	16	1
3524326160871790	3	1
3586294556631993	4	1
3586281571142628	3	1
3524337074071754	6	1
3587306604295652	7	1
3524360365542040	5	1
3586313934109778	1	1
3586314010384018	5	1
3587374044930539	5	1
3587410875051088	5	1
3524541773271951	4	1
3587568375939436	5	1
3586592441055611	9	1
3586603458858758	8	1
3586604645958819	10	1
3586629925308711	8	1
3586622715271375	5	1
3525657218767582	5	1
3586644991153584	7	1
3586649520575173	4	1
3525690437894314	8	1
3587660373071129	3	1
3586683368862254	8	1
3587690400396038	5	1
3525766500915496	9	1
3587819718917549	5	1
3587821191557535	4	1
3586847365965288	5	1
3586875165869540	4	1
3524942954300053	6	1
3524928957451510	11	1
3524953842289337	8	1
3586944980556495	9	1
3587929294833069	15	1
3524998339644279	6	1
3526019803754303	8	1
3525022351834740	9	1
3525081986261659	9	1
3588320657355198	4	1
3588332417956987	5	1
3526368157155355	3	1
3588397069256424	7	1
3526434251143049	3	1
3588639966003346	4	1
3526712279402895	7	1
3589746401954402	8	1
3526791279041276	6	1
3588762925641828	6	1
3527867209657926	3	1
3588833264453928	4	1
3589896742294688	9	1
3589033244483137	8	1
3528263013563152	5	1
3590271042422629	4	1
3527517275120435	5	1
3528526713937206	8	1
3590501757933430	11	1
3590615252498304	9	1
3530028832389621	9	1
3530075636834956	7	1
3530125637252504	3	1
3529127883262194	9	1
3530173875627205	1	1
3529185320305155	3	1
3529202210905711	12	1
3529219726806472	8	1
3591226282354290	3	1
3591229885188029	2	1
3591247774522147	10	1
3591249682267613	10	1
3592256290717677	6	1
3592306826992142	6	1
3592307905061908	4	1
3530402973224216	4	1
3530423067768377	4	1
3529447015597687	6	1
3592527049606331	11	1
3529639043274611	13	1
3530665750336865	8	1
3529673642807596	11	1
3529687797669912	6	1
3529692969638547	3	1
3529720404912831	8	1
3530762815392792	8	1
3529768664816061	13	1
3529837316276459	6	1
3530838043711256	8	1
3530838648140161	8	1
3530858881251151	5	1
3530860848054388	4	1
3530849616119957	9	1
3591906363734814	5	1
3529973463269899	10	1
3530990352007663	4	1
3531067597928787	13	1
3593033951571746	6	1
3531095800442217	4	1
3531107364451044	5	1
3531125748419928	3	1
3531109889902991	7	1
3531110162192187	3	1
3531147474865146	4	1
3531157301666442	8	1
3531186942559097	3	1
3531468229934700	2	1
3531524093331821	7	1
3531526790267299	3	1
3531534726167643	15	1
3593500484588570	1	1
3531536294993622	10	1
3532540005039375	15	1
3594507398848135	4	1
3531561934436883	12	1
3532583411534171	12	1
3532588276615864	6	1
3531589097045397	4	1
3531576794677889	3	1
3531594978010028	5	1
3532597747683973	5	1
3532600507531863	6	1
3532621143238365	10	1
3532661769045405	12	1
3532657386723950	11	1
3594644627774586	5	1
3594659617599403	5	1
3532716375448037	12	1
3532735908351193	7	1
3593731594664027	3	1
3593732223957950	8	1
3531794916008696	3	1
3593779291912843	4	1
3531807033128932	4	1
3532890178917843	13	1
3532894309655677	9	1
3532899825071070	5	1
3531904240271599	4	1
3531957679551385	4	1
3594987834559891	10	1
3594993887077991	8	1
3594995661369414	7	1
3533039621438092	7	1
3595005073056858	6	1
3533234900561204	3	1
3532243463220085	7	1
3595209751759677	4	1
3533232005844611	8	1
3533257528667942	9	1
3595241757879060	13	1
3532262362179252	13	1
3595286251032243	8	1
3533360137322410	4	1
3533385877725900	7	1
3595378190553241	3	1
3595428680960679	14	1
3533568158624443	6	1
3533599414591845	5	1
3533618351401336	8	1
3533739923211919	3	1
3533777328272766	4	1
3533779232441857	5	1
3533780360431082	6	1
3596745735216635	4	1
3534810259530570	3	1
3534827825299244	12	1
3534840185838771	9	1
3534899925192369	4	1
3533931498870950	6	1
3533976356926086	9	1
3533981360632497	5	1
3533996732591077	5	1
3534023421298422	7	1
3597022806854746	7	1
3535063637353866	7	1
3534105319207573	4	1
3597082663756628	4	1
3535158512224951	8	1
3597162498022674	4	1
3597185771771477	4	1
3534295853120535	9	1
3596262509338646	4	1
3534319119064358	9	1
3534320087633406	4	1
3534383233018984	7	1
3535439631439061	3	1
3535471197714337	8	1
3596450753920502	4	1
3535489464046592	4	1
3596457934640043	6	1
3535493976947445	3	1
3535499165497571	4	1
3535515783433535	7	1
3597513560755213	3	1
3535580233029694	7	1
3596536183304553	5	1
3535575317211561	3	1
3535619814650950	4	1
3535622159975022	7	1
3535628362541403	5	1
3535630157535811	11	1
3535616832540893	6	1
3535633572604748	11	1
3596623504464228	5	1
3596612913834830	7	1
3596644085750641	6	1
3535680787697664	5	1
3597674685634950	7	1
3596676713278888	8	1
3535733682311516	8	1
3535739217981956	4	1
3534745704603181	5	1
3596697974510104	14	1
3535775381245752	4	1
3535810479128076	6	1
3597775851371366	3	1
3535832780539292	13	1
3535871284056847	10	1
3598051547031992	5	1
3598092597450616	3	1
3536160468654893	4	1
3536176168264005	12	1
3599155752940696	4	1
3536217955856683	3	1
3536219285590704	3	1
3599222416711344	5	1
3537318084311339	5	1
3536326634764845	8	1
3598326383453776	9	1
3599309817909301	7	1
3537392063163490	9	1
3537427450560806	8	1
3536502098911595	5	1
3536516107985725	5	1
3536550971549456	5	1
3536539063803461	5	1
3536568360651934	7	1
3537595357702442	4	1
3536599683987468	4	1
3599615632726490	4	1
3537684699850722	6	1
3598669410020689	13	1
3598678562887616	6	1
3598698775031631	13	1
3599714400236828	7	1
3599727641719098	3	1
3599755370345974	3	1
3536835835733445	5	1
3536853955568605	5	1
3598828055639876	6	1
3536862985241757	5	1
3537881727926497	6	1
3599874979445771	3	1
3536928793715312	10	1
3536930908133683	7	1
3536931868138242	5	1
3536932275626915	4	1
3536934448194556	5	1
3536935073488722	7	1
3536936402626899	8	1
3536937614625154	3	1
3599887834485486	5	1
3599905131947401	5	1
3536966278412964	3	1
3536955356580994	10	1
3599938061281073	2	1
3536959203003654	7	1
3536975887764280	8	1
3536960792696376	5	1
3536977289275451	6	1
3599953362587747	9	1
3536994468466103	7	1
3598980971795843	12	1
3538021837991992	13	1
3538045670262500	4	1
3538296473310311	9	1
3538303036557409	3	1
3538305792221794	8	1
3538326063612101	6	1
3538389174946832	7	1
3538425326108148	11	1
3538430842051545	6	1
3538444489794715	5	1
3539541443339071	6	1
3539528054332151	6	1
3539535067086855	6	1
3539552264519431	4	1
3539558178455634	6	1
3539702516376403	6	1
3539723253015954	5	1
3539770724065765	5	1
3539757382411974	4	1
3538765136241493	3	1
3538819598740889	6	1
3539838806516597	5	1
3539934641848892	10	1
3539031692004076	9	1
3540078733149734	4	1
3539127276222253	7	1
3539142166112871	4	1
3540213088929437	5	1
3539241373690189	6	1
3539333123970420	5	1
3539414598665114	6	1
3539421439631615	4	1
3540450231607216	4	1
3539478301577463	10	1
3539500829255294	6	1
3539506453586129	10	1
3539490741912632	5	1
3539491606180752	13	1
3539492730542759	8	1
3539493690675192	6	1
3539497507926156	7	1
3539498019737307	5	1
3541908481526544	7	1
3541944652894180	7	1
3541995274804532	9	1
3541210708384352	5	1
3541243373890933	7	1
3542393175448897	15	1
3541432742624818	5	1
3542479737332211	3	1
3541615299321212	7	1
3541619364356112	3	1
3542645769057965	14	1
3542723602157480	2	1
3542723967098058	6	1
3541746107098884	3	1
3542785078505880	13	1
3542852530926264	10	1
3543012318106246	13	1
3543117036842823	8	1
3543137035145163	11	1
3543183801695829	6	1
3543185106296917	11	1
3543210062202365	5	1
3543325993101342	9	1
3543335924656935	5	1
3543515281557515	8	1
3544531288786944	7	1
3544807488491673	11	1
3544835879726634	3	1
3544867177036329	6	1
3543898510979634	9	1
3544994960576079	6	1
3545568494205770	12	1
3545636475076588	6	1
3545679399574108	6	1
3546008959383242	6	1
3546270792350128	5	1
3546287011912487	6	1
3547335546225411	4	1
3547370744190399	18	1
3547468505446787	5	1
3546644643403439	6	1
3547708273424153	6	1
3547825524904328	7	1
3547853882402716	6	1
3547930159640406	14	1
3547977337564354	8	1
3548245383004433	5	1
3549305279364765	5	1
3549399257399515	11	1
3548451688069313	5	1
3548612241976905	2	1
3549630475812583	8	1
3549630589067248	6	1
3549654979963656	14	1
3549659249230256	9	1
3549661786706779	13	1
3549665267788019	16	1
3549667960651035	8	1
3549688235790247	8	1
3549688521027374	8	1
3549676018005772	8	1
3549694913487439	11	1
3549679364631318	8	1
3549696536243258	7	1
3549686092318187	5	1
3549718543789565	5	1
3549735002472473	6	1
3549790778491622	6	1
3548798792341725	8	1
3549870176387013	9	1
3549913478403360	8	1
3549938912618523	2	1
3549941865150351	5	1
3551571441152301	2	1
3551685860964318	22	1
3550671498093079	6	1
3551712554354222	6	1
3551735039680493	7	1
3551719625241920	12	1
3551747966140687	11	1
3551764454340038	4	1
3550768910663166	5	1
3551768643908520	8	1
3551774499537875	4	1
3551792254052062	9	1
3550798464082936	6	1
3551837967798237	4	1
3551855717966611	7	1
3551892711507951	6	1
3551034007727627	6	1
3551030900066285	4	1
3552073255524560	1	1
3551137359312575	11	1
3552253253794574	7	1
3552389523111081	5	1
3551423410769068	5	1
3552513678488927	3	1
3552654204614789	9	1
3552769275639752	9	1
3552807199963698	7	1
3552798710677166	7	1
3553833936285095	9	1
3553850860066204	5	1
3553855055057462	14	1
3553858049968422	6	1
3553859836661039	6	1
3553863182928051	6	1
3553863896009411	9	1
3553865121381289	6	1
3553868174675202	7	1
3553871978592378	6	1
3553893516900664	10	1
3553897220564515	6	1
3553916760910325	8	1
3553902362331431	6	1
3552919997329099	16	1
3553903511303352	2	1
3552904797309443	4	1
3552921767567165	4	1
3552922828553742	4	1
3552907573807786	7	1
3552923453557753	6	1
3552907615754341	7	1
3553907546720888	4	1
3553924831040775	5	1
3552909620538529	3	1
3553910574974676	7	1
3553913142155429	5	1
3552931686789741	4	1
3553937992712129	7	1
3553941734583436	11	1
3553943076098945	4	1
3553961631599530	4	1
3553966325501855	9	1
3553951221701502	7	1
3552968810662725	13	1
3554114233283397	35	1
3553172620433013	5	1
3554239139423262	5	1
3553277234924864	3	1
3554453552400460	7	1
3553516544823295	17	1
3553647100972891	3	1
3554657370907067	3	1
3553726293981044	5	1
3554837192917154	6	1
3554953089566661	3	1
3554949747385522	7	1
3554968256246645	8	1
3554974321629857	5	1
3554993065464473	4	1
3554982156128981	5	1
3555026469159732	3	1
3555062729195092	4	1
3555189178536102	4	1
3555198087457574	5	1
3555213250149371	10	1
3556231757516091	2	1
3555261954877976	8	1
3556261566079424	3	1
3556253500078671	8	1
3556258520922794	4	1
3556259086805180	9	1
3555278890580714	9	1
3555282297142050	7	1
3555300805949457	4	1
3555301305301144	5	1
3555293344435157	6	1
3555322930901610	3	1
3555342988059973	2	1
3555357253212303	5	1
3555358251621326	3	1
3555380984218760	3	1
3556413806921545	8	1
3556418781490303	4	1
3555475565736887	9	1
3556530529722533	11	1
3556539375796087	7	1
3556525094196431	3	1
3556546719667108	17	1
3556551304180279	3	1
3556567812992363	8	1
3556560317589935	8	1
3556564113772491	7	1
3556564541154976	6	1
3556582753345046	10	1
3556607201658627	4	1
3556608481082010	10	1
3556597777008259	5	1
3556619570968102	7	1
3555638921701628	11	1
3555670261721720	6	1
3556738555126894	7	1
3556748327615046	6	1
3556779830962594	7	1
3556788869679111	4	1
3555835253302607	8	1
3556876651915970	3	1
3556880691584685	5	1
3556866124835333	6	1
3556873166909356	3	1
3556908876895369	10	1
3556950916318598	5	1
3556029880627359	7	1
3556130866941802	8	1
3556134663252800	5	1
3557183867882163	6	1
3557209810116804	5	1
3557322171267375	11	1
3557585443383199	7	1
3557586148357412	5	1
3558607675129825	12	1
3558592202743585	5	1
3557611934671068	10	1
3557600983051473	10	1
3558620920552382	6	1
3558621000947794	7	1
3558624364159841	4	1
3558634073974282	6	1
3558656408309110	1	1
3557662195382754	13	1
3558688687772518	7	1
3558681310591060	4	1
3558701748774243	3	1
3558722909032368	3	1
3558711618218466	3	1
3558727770195109	11	1
3557714938525397	3	1
3558766337240721	4	1
3558758409836592	3	1
3558777120956241	3	1
3558817197418963	5	1
3558997363714404	2	1
3558997711887948	4	1
3557986733704409	16	1
3559003533831639	2	1
3559030854951184	4	1
3559032574841155	12	1
3559018553079560	10	1
3558019692393026	4	1
3559025192971820	4	1
3559075776717503	7	1
3559060366746545	3	1
3558061107430414	12	1
3559063650247117	10	1
3558065997906879	4	1
3559094051069362	5	1
3558192170227570	6	1
3558245521689164	7	1
3559310590487460	8	1
3559315678191265	9	1
3558335577759135	9	1
3558335318239831	7	1
3558378724885153	1	1
3558394482644770	2	1
3559400969012088	7	1
3558431304631440	4	1
3559500692505883	12	1
3559632658681336	1	1
3559636357693739	5	1
3559664044268333	5	1
3559738497226707	14	1
3560965905636500	17	1
3560049802592181	6	1
3561129584857414	4	1
3560131016874796	4	1
3561176371402127	1	1
3560196150182168	3	1
3561233753951411	4	1
3560240555106062	4	1
3560401838890785	8	1
3560449918047267	15	1
3560485317820031	6	1
3560538245904046	6	1
3561586113832448	3	1
3560607397333073	7	1
3561656128374934	6	1
3561663095784004	5	1
3561685333657854	6	1
3560735323590929	8	1
3561836555194358	6	1
3560839409344455	8	1
3560851975885975	15	1
3560859768815251	8	1
3561912925400260	4	1
3560951041416734	7	1
3560955138807805	17	1
3562224737855412	6	1
3562224750320682	3	1
3562324654865954	4	1
3562401783685863	6	1
3563489068585280	8	1
3563477014831136	3	1
3563508274970669	7	1
3563528071928373	3	1
3563516428542155	5	1
3562610706774275	9	1
3563617561986680	5	1
3563658858369004	5	1
3563694547998711	11	1
3563719940577536	5	1
3563705654088598	8	1
3563729331117724	8	1
3563716224122682	9	1
3563734469087333	3	1
3563756657070799	8	1
3563761564568343	4	1
3563749674113920	11	1
3563796012530136	6	1
3563784566439958	5	1
3563801314145022	4	1
3562805615546326	4	1
3563806485447283	6	1
3563847472675997	4	1
3563852438880027	11	1
3563853944567995	8	1
3563858042281330	5	1
3562951304661788	4	1
3562939258738096	4	1
3562964356998971	6	1
3562966579995883	3	1
3562989984482763	6	1
3563996361613481	6	1
3564000099270887	5	1
3564006922834971	6	1
3563050151616103	4	1
3564073213737189	5	1
3564076116658657	2	1
3563115163421244	8	1
3564131828986167	9	1
3563202510025232	4	1
3563322060025796	9	1
3564411622592850	4	1
3564414521502106	5	1
3564424549857223	7	1
3564448352737229	5	1
3564471580584081	5	1
3564472088564528	5	1
3564477058839350	4	1
3564512882224934	3	1
3564518959195705	3	1
3564538458613926	15	1
3564563184610988	4	1
3564809884900610	11	1
3564960288706640	9	1
3565232666163032	6	1
3565267227940950	4	1
3566276356194468	5	1
3566414310741544	6	1
3566612324133887	5	1
3565645549053109	6	1
3565633213647450	6	1
3565666886349587	8	1
3567082208112662	3	1
3567091888659283	6	1
3567148637484086	4	1
3567239007652877	9	1
3567418918236069	12	1
3567477496185720	9	1
3567640481959410	5	1
3567642331335165	8	1
3567627990991236	4	1
3567644815253057	3	1
3567632537926235	9	1
3567649252389431	7	1
3567656659726951	6	1
3567665295750659	4	1
3567681754496978	3	1
3567719330485736	4	1
3567705989056922	8	1
3567754298585813	11	1
3567765702683846	4	1
3567770283321379	7	1
3567771868689748	13	1
3567794928724226	7	1
3567800750204590	3	1
3567801539097700	9	1
3567808006623930	6	1
3567813065474996	6	1
3567836464741313	9	1
3567821579988573	3	1
3567823173938397	3	1
3567840542451486	7	1
3567842563458986	4	1
3567827204097241	9	1
3567827463941151	8	1
3567827585828006	3	1
3567830068390832	15	1
3567853409845430	10	1
3567986125844065	5	1
3567987384249393	4	1
3567988890252640	4	1
3568004744840996	6	1
3568023296209499	6	1
3568010918476234	3	1
3568017994779268	7	1
3568065779906912	11	1
3568049938078131	3	1
3569099457693002	4	1
3568100933050229	10	1
3569088515769132	6	1
3569089802496496	8	1
3569092495493393	2	1
3569092772169356	8	1
3569094618313881	5	1
3569094693330405	2	1
3569096282914761	4	1
3569096354035928	3	1
3568099095489860	2	1
3569138116640284	5	1
3569139052091832	4	1
3569141380330160	6	1
3569125831757180	2	1
3569129141672616	2	1
3569178974225506	6	1
3569187894906400	4	1
3569191531214526	5	1
3569193523468717	5	1
3569219192669812	7	1
3569204098154618	5	1
3569204952917178	9	1
3569222304706496	4	1
3569222418287404	7	1
3569207289146686	15	1
3569223680606835	5	1
3569207713122547	4	1
3569228826855915	4	1
3569260964559469	7	1
3569265619805107	5	1
3569270367557889	7	1
3569271974566222	6	1
3569274222154981	4	1
3569274846788204	5	1
3569279633422411	5	1
3569281247606582	6	1
3569284976394649	6	1
3569285207117705	6	1
3569288578928062	3	1
3569306211976297	3	1
3569320678891861	8	1
3569363711592162	9	1
3569413653686242	5	1
3569424609073241	5	1
3569431202958037	6	1
3569449539582932	2	1
3569435451125015	7	1
3569444959621890	4	1
3569471903664017	6	1
3569481349451329	3	1
3569481810465816	3	1
3570525035415200	6	1
3569532876232276	4	1
3569519433492683	5	1
3569536332453552	5	1
3570564616762329	6	1
3569550760883033	5	1
3569552350681666	3	1
3569576783098513	4	1
3570581284440026	4	1
3570583243597176	4	1
3569584340277932	6	1
3569589017372004	4	1
3569591768355800	5	1
3569607636098646	3	1
3570591862673402	4	1
3569593329031718	7	1
3570610216980905	4	1
3569617324300317	17	1
3570627077989345	11	1
3569647041226131	10	1
3569658663845814	6	1
3569658722461280	3	1
3570675341704457	5	1
3569663604882970	8	1
3570716009678220	9	1
3570726277704368	6	1
3570726042795883	8	1
3570738839294188	13	1
3570762646922409	2	1
3569798078203941	7	1
3569804743002704	3	1
3569810916533704	4	1
3569831858758056	11	1
3569826331310012	7	1
3569827366704717	4	1
3569828134903216	6	1
3569846765439099	5	1
3569851425598862	4	1
3570869203192420	4	1
3569876888998921	5	1
3569862804630554	3	1
3569863450289404	5	1
3569865371580982	16	1
3569883273400637	14	1
3569884660791223	5	1
3569921633733163	5	1
3569926239000633	6	1
3569931909734520	6	1
3569983516395286	5	1
3569971856678307	8	1
3569994707285886	6	1
3570005641422797	3	1
3570024213924346	7	1
3570008544264892	3	1
3571008193214580	8	1
3570028836559215	9	1
3571047833710111	9	1
3570140195444112	7	1
3570141738261622	11	1
3571174027764153	8	1
3570201666822861	7	1
3570221762017514	14	1
3570225436369763	3	1
3570229739002279	8	1
3570233467478195	6	1
3570255152793754	3	1
3571256417022093	10	1
3570244972675763	3	1
3570351076301625	6	1
3570358533599799	10	1
3570377932253887	3	1
3571402777000146	22	1
3571462713599109	10	1
3571652732297803	14	1
3571724349958150	5	1
3571792515595667	9	1
3571814817013398	5	1
3572894955717966	5	1
3572898226590070	3	1
3572031158867068	8	1
3572048154848486	6	1
3572064554102299	7	1
3572066672427504	10	1
3573102354705643	5	1
3573094298344573	5	1
3572119843566098	8	1
3572170187642250	7	1
3572524799796330	6	1
3573576990940167	15	1
3572582382671723	4	1
3573604354359575	9	1
3573622352294410	6	1
3573756108683552	7	1
3573789310793803	8	1
3572782132372776	3	1
3573807153480196	10	1
3573816145869148	5	1
3575278997524651	7	1
3574311804066048	9	1
3574405285896261	13	1
3575405094635369	4	1
3575472573558362	4	1
3574506318549853	9	1
3574604649528092	6	1
3574613797373183	11	1
3575637757640196	3	1
3574639831837648	10	1
3574633620443779	6	1
3574684778471907	8	1
3574671301513431	8	1
3574690985199156	7	1
3574708723337563	11	1
3574739584933038	7	1
3575760281300835	10	1
3574766055179448	4	1
3575777784314618	8	1
3575785065272785	2	1
3575810457423610	9	1
3574881989641089	11	1
3574920346733209	4	1
3574935970255781	4	1
3574981885638200	6	1
3575967215479242	8	1
3575967576288863	5	1
3574997992222370	5	1
3576032072029017	3	1
3576042239113712	5	1
3575054094359778	5	1
3575088752214705	5	1
3576131040919374	2	1
3575217886387632	8	1
3576395840224763	3	1
3576413816404303	4	1
3576530703431516	3	1
3576537179244406	2	1
3576542078570351	5	1
3576548869204313	4	1
3576695027793562	4	1
3576715894477339	1	1
3576730989915390	6	1
3577793197210161	8	1
3576806777422468	4	1
3577877700108915	9	1
3577886554206198	4	1
3577912558961661	7	1
3577958776120227	11	1
3578188443230446	5	1
3578248673445565	3	1
3578242625631799	9	1
3578265069806860	5	1
3578265614473435	2	1
3578271125861949	7	1
3578287747673518	4	1
3578285000527482	5	1
3578305611262059	7	1
3578315706971179	5	1
3578318651907396	3	1
3577507121135039	3	1
3577524678014770	7	1
3578525418093377	5	1
3578528366366709	7	1
3577515161784386	9	1
3578563875680633	2	1
3578576655428879	6	1
3577604269092674	5	1
3577607247445512	4	1
3578711351932256	3	1
3578741651466687	9	1
3578869267070369	7	1
3578943737262269	7	1
3579012888801887	2	1
3579045256408614	11	1
3580079256785389	10	1
3580083706773071	5	1
3580088047950909	6	1
3580088660229461	4	1
3580106896840401	7	1
3580131912103229	8	1
3580155211542690	6	1
3579213045176240	6	1
3579260033949191	9	1
3580294068085232	5	1
3580296563943100	4	1
3580340301602868	4	1
3579348122148269	6	1
3580371633209083	8	1
3580356198047641	5	1
3580357981071019	11	1
3580404713457922	6	1
3579405898625506	24	1
3580407414982198	7	1
3580408832559076	9	1
3580415065838814	6	1
3580423126961016	7	1
3580430659551248	2	1
3579453295197111	9	1
3579612434924511	6	1
3580744364143550	7	1
3580773837524516	19	1
3580794146211262	8	1
3580865684424007	8	1
3579991172564425	3	1
3579991210320728	5	1
3581157687687108	21	1
3581191091804572	3	1
3581237278609615	8	1
3581467504131480	3	1
3582474623796402	10	1
3582516126811860	5	1
3582540281281028	4	1
3582594593483195	6	1
3582621122374067	11	1
3583025365366144	8	1
3582116426197411	3	1
3583224862958430	8	1
3582245396466296	3	1
3582290796256990	7	1
3583323417004681	11	1
3582318566646534	8	1
3582359099790087	6	1
3584002755460929	6	1
3585019140349233	7	1
3585025373018409	4	1
3584147475788190	12	1
3585254264847900	4	1
3585254046272685	11	1
3585553637175264	5	1
3585553678828854	5	1
3585561417472269	3	1
